4.568277183704448E-4
1.0650796666615563E-4
1.8664641326776366E-5
2.4476962126508196E-4
3.201268976257962E-5
2.4429996405258734E-4
8.631375526956249E-4
2.6008272858982787E-4
1.3434560601067503E-4
7.878016504686418E-4
3.504917650745227E-4
4.901960154256776E-5
5.127114143146013E-4
6.549596340900113E-4
2.1466057728421978E-4
3.896993591686836E-4
7.66539347619769E-5
3.6342585171971424E-5
9.722571025422672E-6
4.240722143701931E-5
9.252231485774603E-5
1.1821528445961228E-4
3.940933587838808E-5
1.1766654458572799E-4
2.225932172162629E-4
5.661109248715753E-4
1.696037439770502E-4
1.94562289402818E-4
1.3951531378268603E-4
3.78796838281467E-5
8.52048987039314E-4
1.7492175538913444E-5
7.09523363070668E-4
1.9077646350005667E-4
2.276831101778251E-4
2.023515062736309E-4
1.5306559112402047E-4
2.8923603614192323E-4
4.5897801035617724E-5
1.3860158917053546E-4
9.779156840750638E-5
5.733774868607037E-4
2.4832043351691747E-4
1.054439523344306E-4
2.150878122287057E-4
5.123202976790564E-5
2.4014949762008898E-5
3.477052256805515E-4
1.0912820250509198E-4
2.1292419343574368E-4
8.486245462921696E-5
1.5515488787343288E-4
1.4878533529803293E-4
8.400282535289837E-4
1.507093938854971E-4
8.351686103471868E-4
2.3510539967439646E-4
1.1232627529366463E-5
2.369546642178497E-4
4.4050905852974616E-4
9.066860290456051E-5
7.557187476486378E-4
1.3077202873949722E-4
2.3450001590095845E-4
1.8345880920130536E-4
6.523287075699022E-4
4.206457306833295E-4
6.600087786380483E-4
8.464611014118423E-4
1.6440992466630082E-4
5.783651615371719E-4
6.326221714783986E-4
1.735585236780945E-5
2.064044690871278E-4
5.240861322336235E-4
5.174411911489371E-5
2.340420012982511E-5
4.669316338140747E-5
5.671738327098284E-4
8.613978623326026E-4
1.9665713926161663E-4
1.6670726661753086E-4
6.708231202448542E-5
3.586154949355329E-4
5.478942103822745E-4
2.2468983395708647E-4
5.497688315181676E-4
1.8416925072703346E-4
3.062850984862789E-5
5.264655309817312E-5
3.889040282983694E-4
6.709183550826936E-4
6.993901958363844E-4
7.764298066305169E-4
3.071829420527657E-5
2.7921440508329025E-5
4.622489710981336E-6
5.1220472494041425E-5
1.587723709315686E-5
2.2526338577007595E-4
2.3207749821316592E-4
7.038543612109854E-5
8.051493588880419E-4
7.170678910610642E-4
3.679867467411593E-5
2.1671192957475177E-4
1.843765173734537E-5
2.2301177133387845E-4
3.832947445523403E-5
4.048476301575052E-4
4.893079581418028E-4
1.1594559000599387E-4
6.092630458450331E-4
6.0407454622284974E-5
9.720189996066684E-5
8.846143443315052E-5
4.231326330288879E-4
1.732533015194058E-5
5.0976380330592576E-5
1.2369493748418781E-5
1.7575437209092423E-5
6.000416272543039E-5
5.431715255428767E-4
6.095103583349188E-4
1.5028916060748267E-4
7.796717401970474E-5
9.622405337916027E-5
6.451042049887082E-4
3.2804024093955383E-4
2.0922281947783255E-4
2.1595128850046398E-4
5.757594958198511E-4
4.983447858080542E-5
9.987145434658769E-5
2.2929162398998385E-4
2.0531102563695286E-5
1.2801534749890996E-5
4.784986838350443E-4
3.552912067491561E-5
1.2335408933286782E-4
1.2561336018042268E-4
4.81628149276743E-4
2.2434523117354318E-4
1.520526544188213E-4
3.895735901686923E-4
1.6330253608481944E-5
1.7844171505915587E-4
3.326735664120216E-6
2.869420748889454E-5
2.2924483484358045E-4
3.4550849226211266E-6
2.492109696621843E-5
2.1304918564026622E-4
3.7611139151791373E-4
1.9840985181426979E-4
1.8595784908100876E-4
5.289402524902715E-6
1.8311687497436104E-4
2.188016967087197E-4
4.251494734703786E-5
1.0864393167364527E-4
1.0969698934328417E-5
8.13897425479549E-4
1.5348170979271098E-4
1.4318634331213171E-4
2.4761433654773084E-5
4.3491579257987274E-4
1.8996451186228494E-4
7.237720212365935E-4
1.1464723350087243E-5
1.0007665130810564E-4
1.7864322847906326E-4
2.0835346258873337E-4
4.0538284450574596E-5
7.40001597091447E-5
1.3366758962140519E-6
1.7234720044173428E-4
6.308119003372371E-4
7.020066465062161E-4
5.816333319221692E-4
1.7981350565763845E-4
1.738861394718446E-4
2.5293530567181276E-4
1.460621836718295E-4
2.544306133513346E-4
9.179465453858765E-5
3.9422522801917944E-5
6.740845476155617E-6
1.9723535932573448E-4
1.3616185508133518E-4
2.4097574443345123E-4
1.1536871428936222E-4
3.442778314317003E-5
1.3647653400732616E-4
4.388111454821305E-5
1.1004497634998133E-5
4.056865437706881E-5
7.909100216425225E-5
3.0436968440580105E-4
8.004354928213183E-4
3.9892041783677444E-4
7.102088273970861E-4
5.325979252806677E-4
8.05320929967601E-6
4.096454521326248E-6
2.295862017099175E-4
1.6847327444828562E-4
5.768558628579414E-5
4.0875923449818944E-4
4.1293510587528577E-4
3.3611330531103814E-4
8.702175380702414E-4
6.528408694467702E-4
2.30926180154838E-4
2.0655770169665004E-4
1.6918044812298268E-4
1.7843662811683466E-4
1.6123087438718294E-4
8.018341036881937E-5
1.5193621424541666E-4
3.374443933547964E-5
8.441072841475463E-4
3.2918585693460527E-4
2.5609541467185265E-4
1.8663849720558032E-4
6.102868435558409E-4
2.4375122789406682E-4
8.264885806721242E-5
3.1747376314304504E-4
1.8783262310701087E-4
5.158227413658142E-4
4.231210785784633E-4
1.7942889192604057E-4
1.7251173359213105E-4
1.8093529457624015E-6
2.7664868027419357E-5
1.3002809903987363E-4
4.4928732132876436E-4
5.349299954306249E-4
1.5556535130659192E-4
9.784843011510114E-5
2.036408924713416E-6
5.3805204020514334E-5
5.177662543401063E-5
6.041141877048993E-5
9.325866652444484E-6
5.302055166637098E-4
3.236015643716092E-5
7.087492539927629E-4
2.5443418810903876E-4
4.247908717618152E-5
2.854885887338689E-5
1.9444076303936297E-4
3.249101273079082E-4
6.824256888344973E-4
7.735387601219268E-4
1.0563866064893826E-4
1.298732761471465E-4
1.4676999244215663E-4
3.7074039728831286E-5
1.0627817271933007E-5
1.1534150357101131E-4
3.7521452402839854E-4
1.6280728718524428E-4
1.2535402452116583E-4
1.9672167926666513E-5
8.938393777832896E-5
1.125844959458866E-4
2.854776823923766E-5
4.1614030053606366E-4
4.620782787688207E-5
1.9746358092739198E-4
2.913372061575949E-5
3.5923640584939625E-6
1.262655204894524E-4
1.7293321680282475E-4
7.060840908471536E-4
5.720471701560618E-5
3.608906867795662E-7
8.923832393831849E-5
2.5767503497569927E-5
5.302828208012002E-4
7.690417161322432E-5
1.3947935745764397E-4
8.524696772888903E-4
6.728654420382092E-4
2.1865554001257144E-4
3.2449101306705606E-5
9.348761450803499E-5
1.460154538038152E-5
1.0407204205607229E-4
2.8035317663096547E-5
1.5757518827766667E-5
2.2401607589937248E-4
4.786591189341619E-5
1.2198610804235196E-4
1.3038759651566627E-4
2.9218211821096455E-4
2.833785080654309E-5
1.572068687519387E-4
4.4158481558008797E-4
6.433251961929492E-4
4.253017277564206E-5
1.747709475526832E-4
1.4180691872477282E-4
6.918926280069033E-4
5.926222905651834E-5
9.123298471553184E-5
1.491922504296124E-4
5.570049669563948E-4
8.344905370702622E-5
3.042597895924874E-4
6.716295934562532E-5
6.8321729639133834E-6
5.543857095231651E-4
3.9916970381840605E-5
4.8137988216246806E-5
7.299633760488743E-4
9.37635962385495E-6
1.1240451653023734E-4
9.469696947638016E-5
7.257133824111706E-4
8.883740685207225E-5
5.034118158079583E-5
3.2843201041672556E-4
1.4537547959980538E-5
1.0162115664649629E-4
9.364529379762145E-5
5.845340209405479E-4
2.2588022676323815E-4
2.158951366871654E-4
6.486789284812778E-5
6.908087276590713E-4
5.714082664057588E-6
5.925520038274837E-4
6.808692365373899E-4
8.502506193187297E-4
1.2816835092067897E-4
2.549360178189669E-4
6.722455541174378E-5
6.167415559183804E-7
3.79477299740205E-4
7.40387203468051E-4
2.859427977325572E-5
1.8732306755912733E-4
5.875965978998215E-4
2.5337453545358924E-4
3.066558715451712E-5
1.2747926624448358E-4
1.5314703291987949E-4
1.4017546057539223E-4
3.6334428897767184E-5
8.181332796650443E-6
3.920513047671484E-5
1.8578116753842437E-4
5.737832641939785E-4
9.022372912671557E-5
5.389138989404339E-4
8.05871517895317E-4
1.303798761710379E-4
2.3282462492267295E-4
8.013632728304032E-4
2.3697766171444813E-4
1.75865560828322E-4
2.1452418936995026E-4
6.725725218924248E-5
5.758315781374741E-5
4.513485611073152E-5
4.4912503742814937E-4
2.295754443545806E-4
4.430364087198727E-6
1.8822743385075338E-4
5.749832266768119E-4
8.410713549903049E-4
1.342150058598019E-4
8.118833179002652E-5
3.486726316603983E-4
8.802419004225546E-4
3.6913376497305404E-4
4.7082988258367544E-4
2.882647998106781E-4
1.676156008111602E-5
2.805920495938454E-5
1.3957253733305338E-4
7.898547375291497E-4
1.9523340441296196E-5
8.535423745751058E-4
1.1392798459801254E-5
1.0840816629941057E-4
8.620906051745622E-4
7.123466467145036E-4
6.637584853809626E-5
1.7329481791611618E-4
4.412809703536819E-4
4.035995597846535E-4
3.880505652797627E-4
3.632492057251031E-5
2.4328882629112854E-4
6.226479888790897E-4
1.0366781491141055E-4
4.66926408159354E-5
4.892658462640613E-5
2.408332034588063E-6
2.8409184732185944E-5
3.1534659517966965E-5
1.2049663182083164E-4
3.7041992401017266E-5
1.245023457954097E-4
3.720804076960057E-5
6.438230173391745E-5
2.3474236580202013E-4
1.1151196250677217E-4
4.6055676253027876E-4
7.300194746493696E-4
4.770995351843481E-5
6.287129678511099E-5
1.7761972944602737E-5
3.861661684516719E-6
5.005658676428691E-5
1.7647634004872804E-4
6.936292515042712E-4
1.860439952903862E-4
5.507031257165717E-6
3.85904890112072E-5
4.5433444365704755E-4
2.3723859239407286E-6
8.683176172600016E-4
3.2291970817210105E-4
2.271756384201112E-5
2.081684373475403E-4
1.498771504112609E-5
4.156694147679722E-4
3.033793885636816E-4
4.0253572787490773E-4
1.307491407926179E-4
4.394136845327204E-4
1.2053322382558394E-4
1.5793431485891548E-4
6.991748584964993E-4
2.7956072150976614E-5
9.735111371264062E-5
9.193651416688538E-6
2.0097767163782093E-4
8.758296136929672E-4
1.9940166542314843E-5
4.851381350074504E-4
2.2358581428092271E-4
2.597923777870629E-4
5.749885278166026E-5
2.6446010103672505E-4
5.999972318234178E-5
2.0957669162549974E-4
2.4466463165659884E-4
2.2939906480106502E-4
2.697702562838746E-5
7.785257406829977E-5
1.994568599791387E-4
1.7755824386009078E-4
7.0174203827761706E-6
3.197896568627307E-4
4.894920229349885E-5
1.4804136988043133E-5
2.252396861320796E-4
3.5240349800402365E-4
1.9987383657226376E-4
2.1222854909475533E-4
3.3165982928950914E-6
6.392789128349033E-4
4.714888839275215E-4
2.0211558297559488E-4
8.546154931603591E-4
4.665444855098005E-5
7.146867333358584E-4
2.275696686385642E-4
7.221922893470306E-4
2.4307556010494638E-4
2.375535514700351E-4
5.941595276632977E-5
7.845484323341977E-4
1.8810698978072093E-4
2.1103829928426367E-4
4.32079013018515E-4
1.1006381001677689E-4
2.221372143150272E-4
6.491358327646251E-5
3.302381268750391E-4
1.2906272725523625E-4
2.2551589247933528E-4
7.359413678349379E-4
1.0104005466084541E-4
8.70954742538156E-5
2.4268330152480913E-4
5.918732973114164E-6
1.9144064657685065E-4
6.280918619705444E-4
7.027689629265579E-4
5.382546113961077E-4
6.266788670945367E-4
4.691520111247174E-5
4.613740946835313E-5
1.9468004319237223E-4
7.420461769355584E-4
1.5185031759415625E-4
8.013511083772272E-4
3.825672317132507E-4
4.157895972176829E-5
1.760816300023098E-5
5.200109099767257E-5
8.057384132166596E-5
4.916754002483208E-6
4.824208433812375E-5
1.584586068601922E-4
2.823354919409737E-4
1.6906315144478732E-4
2.473388250483156E-4
8.173971918728986E-4
6.781028741480904E-4
2.161294708905032E-4
2.03457622212821E-4
5.888863706905716E-4
7.521140347986518E-4
3.459791131728649E-5
1.1931860090571289E-5
4.5756264611221905E-5
3.037022589292545E-4
5.261423967103127E-5
4.199119780039716E-4
1.428160830603719E-4
1.1172834366091938E-5
3.542009166490389E-5
8.682703823266733E-4
4.119941606465411E-4
3.228320055557306E-4
2.1400960051107463E-4
7.338810586988432E-5
2.431818384277553E-4
2.306479956918053E-4
6.830544772061243E-5
4.809081049930248E-5
3.4190566404367394E-5
4.3237870019217017E-4
6.962176554500659E-4
3.203752276549958E-4
4.660454586410202E-5
8.817788958463984E-5
7.682377746071903E-4
1.4419687226670189E-5
4.936061638382432E-5
2.2973990798443372E-4
1.0447611734691114E-4
6.886075562859977E-5
2.452513101667516E-4
2.151591093316019E-4
1.3306720504820395E-4
6.006416255490678E-4
4.6764311510821304E-5
4.0833594497309705E-5
4.232175001856874E-4
3.011833454192716E-4
4.492322439575861E-5
4.787891187473411E-4
2.494748209662301E-4
3.0797140668598457E-4
1.3230760992311594E-5
1.8177390647534561E-4
2.710488985742638E-4
2.0502277627076784E-4
6.445597649253663E-4
7.222480519941554E-4
5.055472662792106E-4
1.693372405480755E-4
4.202012111402105E-5
2.135879478978506E-4
7.462054239542342E-4
3.898714800326546E-5
4.4611218063721886E-4
3.6767964437149505E-6
2.0997867546341E-4
1.1139961991853984E-4
2.526528708224573E-4
4.7927470948495214E-4
1.2339462842977591E-4
6.160822198588198E-4
8.831581235922186E-4
3.880893377742082E-4
1.9159804001617252E-4
1.0470507034702165E-4
1.4294252483011195E-4
3.413360841850874E-5
6.924379557451216E-4
6.454854385478641E-5
1.72513813617142E-4
1.045008095174576E-4
1.470743356134963E-5
3.8519083435042045E-4
6.148001707361502E-5
2.5043150107811196E-4
2.044395442182867E-4
2.0549771638201611E-4
7.896237526649783E-4
7.523152850562317E-4
4.7202177342343227E-4
9.20749656144464E-6
8.555706257481732E-4
1.881573009698071E-5
4.5719518998976066E-5
5.686626514912425E-4
4.271945114685558E-4
1.58890336673223E-4
3.6143840371100015E-5
2.9477914914691563E-5
6.823028982826424E-5
3.13658103851541E-5
5.694797252813868E-6
2.1168741352395592E-4
7.748798859771964E-4
7.227968964812803E-4
6.819058525260057E-4
7.325121688006836E-4
2.70335781929906E-4
3.784473744149024E-5
4.991148180048815E-4
1.2511297487987627E-4
3.4235511838163216E-4
4.6241772243567396E-4
1.1263502361726396E-4
1.0053838166305582E-4
1.8157791028676422E-4
5.634170879635151E-4
2.530308404526941E-4
6.694589403529759E-4
1.9058354117734342E-4
2.2775215547567095E-4
6.873587089065511E-4
3.801558914071735E-4
3.521332645687635E-4
5.373680245666707E-4
5.390574221545572E-4
1.8814133734703335E-4
2.0395239055903528E-4
8.238198874753235E-4
1.1702154818362683E-4
4.581586390747248E-4
1.0168028838402338E-4
5.390789263866931E-5
5.385624903829484E-7
2.3105421672177943E-4
4.749924040179324E-4
9.599379950462437E-5
2.5702270698845544E-4
7.42018472200085E-5
1.5159995877784074E-4
2.640885322646076E-4
9.1570583144885E-5
3.5268285367367874E-5
6.667108758323767E-4
9.312023149416637E-5
1.9086396190435247E-4
7.886228976214861E-4
1.5567043330671145E-4
7.445682980473554E-5
4.774289518537218E-4
3.305251305484203E-5
9.296387814766899E-5
2.4875586871488754E-4
8.052795261991859E-5
2.580114329042685E-4
8.599354817447325E-4
4.639016725602858E-5
1.0191962853527774E-4
4.040812813554734E-4
4.3476812523989065E-4
3.3800132899709073E-6
1.650853994693828E-4
1.6825401411829736E-5
3.685361649889586E-5
6.96035840530583E-4
8.52773054595645E-4
2.5018889455905946E-4
5.014860136608473E-4
1.5270632202354442E-4
1.50989763967902E-6
1.0465603542526543E-4
2.04649202145407E-5
1.1264107559987049E-4
5.449367653570887E-4
7.375334130019427E-4
3.9788130532013535E-5
1.1453962196187502E-4
1.659092227869972E-4
2.1535436241734837E-5
4.8495826938132935E-5
9.307431491130252E-5
3.077688246829643E-4
3.1334771807780245E-5
1.086590868639872E-5
6.073328469855848E-4
2.402797517348483E-5
2.4043378050929738E-4
3.0695189423820483E-4
3.224147099868459E-5
1.5728750265863142E-4
8.319295719022155E-4
7.296938592549313E-5
7.738964220903584E-5
1.8752531788687813E-4
7.318722511209623E-4
7.106505492551405E-5
7.73244743053954E-4
1.8864256760272108E-4
6.152547858962768E-4
4.2681723420374463E-4
5.1164779807070384E-5
1.274401674526757E-4
8.658963870634609E-5
7.083088977426733E-4
4.177572172726205E-5
8.259721962164145E-4
3.0440044303919563E-4
1.9626455318737203E-4
2.286989997065592E-5
5.741681203220733E-4
9.872709422671954E-5
1.9657293359847986E-4
2.6692053520169527E-6
6.865127936042604E-4
4.837054311132881E-5
8.079671787602203E-4
5.467698138766956E-4
6.664055489728399E-4
3.860746050218683E-4
3.451843875933165E-4
7.490348140214153E-4
5.427336161184671E-4
2.3860417260601965E-4
1.5046048073966403E-4
7.006197684264785E-4
4.3375343384042907E-4
1.86811305749975E-4
8.765801402946465E-4
8.403097860196243E-4
4.291239857644789E-4
1.2128117511801686E-4
5.596812317340889E-4
8.539289858866936E-4
1.3257033366001494E-5
1.2751725490907335E-4
8.434765098677214E-4
1.883048688516628E-4
2.6994530420935218E-5
5.19581680066469E-5
2.427504493456544E-4
7.591133250065115E-4
2.324396397918081E-4
1.5564445082004383E-5
4.6085813646904285E-4
1.5825507673042033E-4
2.0317251068837288E-4
7.113415011306224E-5
1.5850326740046155E-4
7.220057647623737E-5
3.9778660247173284E-5
6.722104731528461E-4
8.846173442264558E-6
3.546625728244922E-5
6.557089137163068E-5
4.595485310636999E-5
3.871583090211676E-4
1.1293798750163516E-4
2.535100750264235E-4
3.6758665155163495E-5
5.149226278274757E-5
5.50209501032415E-4
2.567950624123141E-4
2.5486453832025094E-4
1.099536589018145E-6
7.739284356476219E-5
2.5798146180341876E-4
1.103753545989661E-4
1.5849669912411322E-4
1.0533579278843324E-4
5.510743710719768E-5
3.7616308306010964E-5
5.058332978873534E-5
6.104053778984212E-4
5.31237315535014E-4
1.9707078722506918E-4
5.834083812013641E-5
1.3212443904042577E-4
6.964481859463653E-4
5.912623756904124E-4
5.235407785215274E-5
6.266658910388756E-4
4.7963020137453433E-4
9.557895902327808E-5
3.111376614816163E-4
4.4075628029288796E-4
3.6186695640680463E-4
7.496653466359264E-5
7.36208492698606E-4
6.280784100467318E-4
4.198416666710252E-4
4.6176804530275253E-4
1.540098405958525E-4
1.8374948852357732E-5
4.1100219234974474E-4
5.385283771775717E-6
2.593846250392719E-4
1.23306693969469E-4
4.157137633356636E-4
1.1663192644555752E-5
9.4454076510405E-5
2.566015195070299E-4
6.244628880964893E-4
4.164204551537591E-5
2.858372101214975E-5
1.1960874848145322E-4
5.157396130931129E-6
4.076946024954943E-4
2.2849958749271774E-5
7.658025388066214E-4
2.1172592358594298E-4
1.112254993579873E-5
2.039151770252088E-4
1.7840622668183534E-4
9.843528123047127E-5
1.1175526306992961E-4
3.203080071894598E-4
1.580296405523042E-5
7.601607464621298E-4
1.3534637691719453E-5
2.7479705970445277E-4
2.3375433444335726E-4
5.920305972572262E-4
6.136278333357406E-4
7.348951576432399E-5
2.466253892780668E-4
1.7318131560941827E-4
1.398988650495296E-4
1.2712573630495056E-4
4.175838335511076E-4
2.308868534857158E-5
6.036525195392894E-4
1.9800335161246433E-5
1.0237801057424214E-4
5.8326128613602777E-5
5.71050885904771E-4
4.1941113339465634E-4
2.8544153894290115E-4
1.910216255664343E-4
1.9947814634297631E-4
1.8031856446260622E-4
7.971161215214021E-5
1.0585696742131488E-4
2.4417466468298785E-4
8.77463371522263E-5
1.927752224640589E-4
4.855738626972471E-4
1.416965089844492E-4
1.9650450447599742E-4
4.9862947002962395E-5
3.08466860683415E-5
2.905502654685646E-5
1.2113685060827982E-5
8.784347038795993E-4
2.021984034205582E-4
3.233051812264844E-5
7.049684092919443E-4
3.0865587124009156E-5
1.0226865995911889E-4
2.4931776355634677E-4
6.858893071457706E-4
6.884606886650305E-4
2.047287837542978E-4
8.198261523575095E-4
6.65838323177588E-6
4.78317068190654E-5
5.02953605618088E-5
5.76805777832568E-4
1.5833121930195938E-4
2.9293676067267773E-5
5.505444169887635E-4
1.660862244050169E-5
7.403881075446169E-4
2.2106893348614558E-4
3.586642563341302E-4
2.607857867500313E-6
1.2840746414757864E-4
1.4384996907335253E-5
6.275318981197189E-4
1.6029020135738094E-4
1.6599382262224582E-4
6.084580487066367E-4
2.9746918957472214E-5
5.8261917330193655E-5
2.587480442128913E-4
7.842336435069174E-5
1.2044580936571706E-4
5.981211278162928E-6
6.380724642394033E-5
9.124241936693768E-5
2.827099540439736E-4
7.811891671492871E-4
2.008282183169219E-4
7.773589135411423E-4
1.4742429440754147E-5
1.362693329226147E-4
2.370991851561442E-4
8.477990056712364E-5
8.576231403646643E-4
8.451717461649476E-4
8.332564068509404E-5
7.456914477344018E-6
7.146184283825835E-4
1.0152826820632992E-4
4.532305627758319E-4
7.042937156830466E-5
1.1192545441553821E-5
8.348918314632821E-4
5.643622084662974E-4
6.373723906933943E-4
4.050115178921943E-4
8.144477922530038E-4
8.717632735087787E-5
3.1618088349872584E-4
1.3664803005038787E-5
1.6134204960606947E-4
2.2275556799562787E-4
2.6631464779031913E-4
2.493292293217023E-4
2.581911197205275E-4
5.537171597219019E-5
6.919765438959286E-4
1.3879876597473943E-4
9.073981469514635E-5
6.688193063721843E-4
2.8324424939055214E-4
3.1657944451889163E-4
2.309721058191611E-4
2.1142830155962874E-4
6.184560849772046E-6
1.9359994459377522E-4
1.213668376987317E-4
7.046502147519961E-5
3.559280935368234E-4
1.3053626468614323E-4
7.633554894571229E-4
7.149408065697388E-4
8.043060666184206E-4
2.0903543044599403E-4
9.410947136723057E-5
2.514029619433088E-4
6.828759099631062E-5
4.246995934422278E-5
8.102256446463076E-5
7.415247811612954E-4
2.1725173205770887E-4
1.8501367161040757E-4
2.7873401474490617E-5
9.965195766772057E-5
1.4024232961156404E-4
8.407992426392614E-4
1.946071179566097E-4
1.235920581418695E-4
1.0634562096225763E-4
2.0387209490244331E-4
1.1950457382635227E-4
7.52263179856729E-4
5.897036927095617E-5
1.599393383384917E-6
7.168222095084671E-5
1.4579007393412122E-4
1.1387762566325182E-4
5.0046371562542834E-5
3.677387649861171E-4
8.129032586188281E-4
1.1931430876223696E-4
3.934720602056658E-4
1.2241309142771984E-4
1.3485948149789204E-4
7.45806080782003E-4
1.960518751639515E-5
2.558420349411667E-4
1.1576018070474638E-4
5.603388762774938E-4
4.4086254163608774E-4
3.588498814594154E-4
5.921015897844969E-4
1.4716396811608308E-4
1.5447158548523486E-4
8.738905834497464E-5
7.976566621601848E-5
1.0260478275717482E-5
7.301486277853595E-5
2.2668997542881966E-4
1.239893871399442E-5
8.147596340198063E-6
1.4008232485023087E-4
1.8947586036884343E-4
9.150720194608331E-5
1.2792147011641476E-4
7.77995727978384E-5
3.0949649121672217E-4
8.792302712610367E-4
1.0589503108749147E-4
4.4606855258120875E-4
5.2990162997942E-4
8.714148417939827E-5
9.569329373091644E-5
7.569831625624623E-4
4.9579867547533E-4
1.1517329180483357E-4
5.121429798364421E-4
3.0238493650863887E-5
2.1923896796332973E-4
9.971929429436393E-5
6.012609515504347E-4
6.391479840857918E-4
3.088406339567281E-4
2.1651970041383542E-4
3.046661129265193E-4
6.310779113527042E-4
6.932348567026892E-5
5.55890454619956E-6
7.601606976704421E-4
1.4104641893594175E-5
5.831390197700221E-4
1.3505662978201144E-4
7.362016700140825E-4
7.298512620462479E-4
3.4574279053797965E-4
1.2126282632609563E-4
6.675402882066303E-4
2.7285807409271478E-5
2.68722808395608E-5
1.3434437248153861E-4
1.5934108327521958E-4
2.224724066560747E-4
6.73836056000316E-5
9.502150866687786E-6
1.4153616713424054E-5
1.794429339683343E-4
5.075788322227351E-5
1.7281712834786862E-4
3.247195139837852E-5
8.202950620455813E-5
2.046414599212468E-6
8.599308370955752E-4
1.4361532891330784E-4
4.2028114999537275E-5
2.2543194675641467E-4
1.726346558266443E-4
4.2763982605036375E-4
2.2875895573814198E-5
5.718602775570719E-5
1.2973595133797185E-4
1.9369038259227916E-5
2.1167926071255044E-4
3.7023374688016603E-5
2.787458300890907E-4
2.5344721145924087E-4
2.3563777770516496E-4
5.373280811591675E-5
4.482493543278117E-5
2.2036249479297855E-4
3.285487190047937E-4
2.3113121188527043E-4
1.8704491265618002E-4
8.563637094925851E-4
6.978747079175004E-4
1.5237306000502857E-5
1.9073918084564238E-4
1.9725169285517727E-4
1.6102774633080617E-5
6.18390996304538E-4
1.1846727384980076E-4
5.040459870111334E-4
4.5398898534654254E-4
3.6540630049411015E-4
8.59564124746945E-4
1.0796143673930429E-4
4.2153681624621957E-4
8.685400615445884E-4
1.9994126336385574E-4
8.382080274609401E-4
7.524024071098541E-4
1.7984692616544303E-4
7.128565625830088E-4
3.464741329713251E-5
1.4756368294735708E-4
3.843885811600969E-4
6.479336190984919E-5
2.88366263602352E-4
7.062971756110529E-4
1.729668676377265E-4
1.9210934053857551E-4
8.473564575162967E-4
5.1499341212941395E-5
1.2325304643049848E-4
5.364935339170883E-5
1.2593623801064306E-4
1.9481098732289028E-6
8.15913791910809E-4
4.5637626878570895E-4
3.504033522951702E-6
3.08946840943591E-5
1.295003040406831E-4
7.42367580816306E-5
1.7530986745364572E-5
3.240561986414088E-4
6.157101557793227E-4
2.1018605106574417E-4
2.076322189676596E-4
6.057477388382619E-4
8.399993825294645E-6
1.0258969520221061E-4
6.417031171075976E-4
3.7739701295928546E-4
1.6854524443653024E-4
1.9389556812394543E-4
2.480753997788327E-4
5.310629855220578E-4
2.2825996029383055E-5
2.8995845319782826E-5
1.2522114886658067E-4
6.810377802546471E-6
1.6569936602940275E-4
3.9505209445743147E-4
4.8320542838718337E-4
3.8650057325706835E-5
1.9210539267645885E-4
4.1179578656289084E-5
2.418402602060423E-4
8.763824332457342E-5
1.4896539521370763E-4
2.5487206691600567E-5
6.195799968721195E-4
4.011558063394418E-4
1.2889299799123926E-4
1.1330411278237356E-5
1.6827571087998008E-5
2.2399482148781886E-4
1.9352969613521906E-4
2.4449920842950534E-4
1.5190812062175032E-4
4.441491022253085E-6
1.4327146404232987E-5
8.338745911859515E-4
2.106707917255307E-4
4.92531417278775E-4
4.076628302141261E-5
3.967368443356736E-4
8.60633566326964E-4
6.792621863451701E-5
1.0487047114659434E-4
2.1753385260119159E-4
2.1958540380214426E-4
1.0117406529468325E-4
8.064677770115493E-4
2.306360282420793E-4
4.189479281768397E-4
8.524289845800829E-5
4.5128525202337477E-4
1.984193605039213E-4
6.35872030727033E-4
5.255805479792721E-4
1.6636960351433763E-4
2.5917519553480167E-4
3.549342506725859E-4
7.99367067780596E-4
6.359654454945033E-4
4.008196494273315E-5
4.4615239437334874E-5
1.3822220985235307E-4
8.360048484473182E-4
2.589584784664402E-4
3.4611347767804494E-5
3.327216972268852E-5
4.8458634483194936E-4
6.922618198382343E-4
2.3341629932018344E-5
4.445712555589383E-5
3.2616246207368896E-6
5.55985032911036E-4
7.738105035606458E-4
7.254723310125861E-4
1.4776607556340768E-4
2.419955958799982E-5
3.711611499718306E-4
3.5555516317181014E-5
3.288401053269463E-4
8.019006792275409E-4
7.815872590810833E-5
4.1836952215861496E-5
2.0297342763633464E-4
3.875907598262807E-4
2.5851990787459405E-4
1.8584577839646048E-4
1.3999901128727084E-4
5.456886721175963E-4
5.397990125382597E-4
5.057372313047232E-4
7.883609909576335E-4
4.726494938634165E-5
4.416342113058975E-5
5.059742652049752E-4
4.430704407929456E-4
5.78147923716869E-4
1.0610617462262608E-4
1.9563274853799973E-4
1.99316982383065E-4
3.3997003678908755E-4
4.762147912666231E-5
3.751513154757171E-4
1.4981346182033287E-4
1.9837907421968512E-5
1.5118380274061554E-4
1.0046828888053115E-5
2.1108938380407386E-4
1.8892769045400173E-4
4.329630247823362E-5
8.544719093572872E-5
1.752426502291118E-4
2.549339571507792E-4
1.2929010103149304E-4
7.143461945934859E-4
3.0239581641814073E-4
7.579659313759535E-4
4.3714718770933525E-4
2.0784329717937053E-4
2.0173453960164615E-4
5.0745087757103E-4
8.170356797243142E-4
5.670133362672799E-4
1.0723762110871688E-4
8.002734706845821E-4
6.761436839140737E-5
4.7820571048820473E-5
2.7248594782926166E-5
8.402696678623621E-4
1.540998063221927E-4
7.76947368844458E-4
2.151875901463857E-4
1.8905077859838007E-4
1.6074712373508607E-5
9.659976659561246E-5
5.68196256375426E-5
8.132004658666039E-4
1.8503119109644672E-5
2.9798268543403496E-4
1.4967297625679386E-4
7.010232909728285E-4
2.1883327733455117E-4
5.2427282748881245E-5
3.287590267444591E-4
9.06143836088877E-5
1.3266191706463637E-4
9.65949348831894E-5
6.534226297770212E-4
9.009312035664012E-5
4.2288007626003143E-4
4.582360492800039E-4
1.5186792308056565E-4
6.939537427772346E-4
7.307067523592332E-4
6.723486491362736E-6
2.3655944941509857E-4
4.807777955564659E-5
3.52713239723088E-4
2.3133955539540783E-4
2.641534351907732E-4
2.292607274566425E-4
6.611623943306177E-5
5.332520903201112E-4
2.192875253553849E-4
2.0564297717154466E-5
2.3621049071902693E-5
5.574346693243132E-5
9.718599258178478E-5
2.550637800469937E-4
1.5085591593183562E-4
2.0733778365638112E-4
5.998016641886367E-4
1.2483015485951555E-4
1.5773474225029335E-4
6.548054490855905E-4
8.148868540042664E-4
7.828857697002424E-4
6.262583601313516E-4
3.115535588441889E-5
1.799475833470908E-4
9.999914811691206E-5
6.926801382851033E-5
2.3064536086361817E-4
1.8695490402919317E-4
1.6397564590763623E-4
2.393598026502706E-4
4.813132863876759E-4
1.2633253039485908E-4
6.691809910135787E-5
2.4265239403672157E-4
1.3294906659403282E-4
1.0870071782030736E-4
4.442340985932877E-4
1.9533906479182533E-5
1.5587354452702127E-4
1.5821175955396754E-6
5.573407152454737E-5
6.125988707780432E-5
6.367613984986165E-4
5.0638635149134884E-5
5.774478550927843E-4
3.5488332724680605E-4
4.213098234644E-4
8.711895249157619E-4
2.3880272052144384E-4
4.843774272921029E-4
1.9579773104896455E-4
6.328060111206108E-4
2.438850402279754E-5
1.0378848952931074E-4
6.732346577743299E-5
9.075601207206586E-5
4.69188986043809E-5
1.9708731611393806E-4
1.912953924383369E-4
4.735306012009756E-4
6.329589780271547E-5
1.6837236845823904E-4
6.367688575099945E-5
1.389768656303271E-4
5.847238711571376E-4
1.8179172579440545E-4
2.7208848137689616E-4
7.960537392823558E-4
4.118359075437145E-5
6.124906038716321E-4
1.8402451461301404E-4
8.172379508338543E-4
5.202024294855211E-4
4.2441427916272E-4
5.474859404933804E-4
6.572909698966374E-5
4.27379815208241E-5
2.2656563954405554E-4
6.037529504885192E-5
2.3916892320834633E-4
2.3126050774381965E-4
1.4513133966736233E-5
5.514489673591021E-4
5.323605425148749E-4
2.6198358151528985E-5
2.042879109618319E-4
1.0071271705542448E-4
1.53558150485221E-5
4.264892126749957E-5
2.4932887102786643E-5
2.0784491688537066E-4
3.3207462712136067E-4
8.452813092686009E-4
5.657491739988828E-4
4.4067379139048807E-4
2.9268999347383657E-4
8.625149096686896E-4
1.7275491102123014E-4
3.9435109268278254E-5
3.03453975007139E-5
8.741418225614586E-5
2.3704684502003613E-4
3.735667663286642E-4
3.2021966593635695E-5
3.356698683126634E-5
3.3101681725084246E-6
2.60003622899818E-4
2.0208803984124094E-4
1.1058270322806307E-4
4.548997293582454E-4
6.622350549944123E-4
7.630718096233705E-5
3.7329304467955104E-4
1.4809240456137174E-4
1.807614436604004E-4
1.2498816871983354E-4
1.2517739695435868E-4
8.208255971854714E-5
1.1778975636100079E-4
7.310495554827815E-4
7.375927060603891E-4
1.1240383283927621E-4
2.2104149606887128E-4
3.904788611816604E-4
4.685750960672915E-4
3.602384544816988E-4
3.9816144823180715E-4
2.4396833441154572E-4
4.454585571965686E-4
3.553529811826921E-4
1.4433839772747957E-4
1.9305966950000105E-4
2.0198573418660608E-4
5.166452692566235E-4
6.454553175465298E-5
8.572182252535418E-4
6.443818023707885E-4
2.880208866917097E-5
4.651508592048705E-4
1.3060125635689762E-4
1.571476043622033E-5
6.866795466478989E-4
3.655776349145336E-4
2.4072615197507197E-5
7.992522860513495E-5
4.855851941724153E-4
9.860869985814482E-6
1.0213519819481926E-4
6.24527338201965E-5
7.146662120656306E-5
5.467767663446248E-4
3.065424440389429E-4
3.805781736790678E-5
5.312380248275966E-4
8.140586745316354E-4
3.044309850330341E-4
2.850057712039197E-4
9.205195072375024E-5
1.819613190386525E-4
7.503528850227394E-4
1.1905197657502665E-4
3.839090752388886E-4
9.359754901769324E-5
2.8157406750376383E-5
1.03577293643599E-4
7.418894945322769E-4
1.6209790045799974E-5
2.584596891577565E-4
4.1402703296120383E-4
3.10622679698858E-4
3.1990676107646575E-4
2.235890385137467E-4
4.919746976749394E-4
7.782954005636475E-4
7.412608354621701E-4
1.6566386047319338E-4
1.3664869090953112E-4
4.436123463056476E-4
1.5761353955193319E-4
1.287729577820267E-4
1.7704623217993688E-4
3.331885438758686E-4
5.119149232666016E-5
3.5926300311389756E-4
6.437898719814194E-4
2.3689748858785842E-4
3.1929243257458236E-5
2.0718702749087048E-4
2.610434763551185E-5
1.604207429326885E-4
5.935366380237395E-4
4.405730857850947E-5
8.400914849536077E-4
5.536130272358918E-4
3.850530305717049E-5
4.548811409904358E-5
1.4327421617990328E-4
8.037303804397876E-4
5.154503209598007E-4
2.843478645423036E-5
7.608301970074115E-4
3.609163797673383E-5
5.724234241170755E-5
8.480477563035908E-4
1.1056639807030712E-4
8.545259708248302E-7
8.367385806465947E-4
3.831843773912903E-5
3.3400634306764035E-4
5.816422409857222E-5
6.073715150516978E-4
4.264972601331864E-5
3.746026690788782E-4
7.159851077070556E-5
1.6395229039076474E-4
4.8065985834984165E-4
4.4545112053737666E-4
1.9419393935355306E-4
5.608591171585148E-4
1.1064921106852201E-4
2.0873244075131806E-4
8.750279923800995E-5
7.314563475010048E-4
2.2663518728072504E-4
1.2824256188113795E-4
4.173378997202441E-5
4.3035055777624573E-4
2.3134019442697015E-4
1.908622864026102E-6
3.524865977695288E-5
6.150296672002111E-4
5.10755504462778E-4
1.24960093574622E-4
3.883695672721912E-4
5.279823008966323E-4
4.1180713565884476E-5
5.5189988861880465E-5
1.4379491084767627E-4
2.554504388941141E-4
2.026259218113231E-4
8.215845268714374E-4
1.6878813858155496E-4
1.5699811678922596E-4
7.892010068294382E-4
1.4338497912315535E-5
8.122141782971481E-5
7.932337424800454E-4
1.8167728606599182E-4
1.4751811437641643E-4
2.350478805039826E-4
8.290443160033849E-4
3.077628077943468E-4
3.6254961167205815E-4
1.0285047654470315E-4
6.144137699809849E-4
2.8983014096221613E-5
6.639284323874033E-4
3.971041834406752E-5
1.8455596013115356E-5
1.0722292797471402E-4
2.2161307274026946E-5
1.1900152024874012E-4
2.921985448665014E-4
2.0458982823554735E-5
1.207376055818045E-4
1.62040993176804E-4
2.873000711794283E-4
1.969479197741462E-4
8.942979377925962E-5
3.3289472669742476E-4
4.951158800426297E-4
9.742413720003463E-5
6.306495435839339E-4
1.0434490780386E-4
9.049448697325552E-6
1.2794280189152934E-5
4.668422618166842E-5
3.547324933322543E-5
2.658153072798496E-5
4.617920801167004E-4
8.934884698129238E-5
5.1829429261581726E-5
5.299221256490893E-4
4.843448201375667E-5
3.272040003668124E-4
2.2309823663482968E-5
1.7265055360118882E-5
1.3904843306801956E-4
2.9985116794499644E-5
2.0355478574865966E-4
2.9430220721227744E-5
2.1441710089871511E-4
1.404607087683162E-4
8.57513495087756E-5
6.548174483045025E-5
4.751842152430462E-5
3.667038857770958E-5
8.494648059881659E-4
7.948843508492842E-4
5.366300801679392E-4
6.893199993603113E-4
3.736396239648845E-4
2.215696832748334E-4
4.549624090805461E-5
1.4431906955681635E-4
1.8639602442251012E-5
3.7441928699049487E-4
2.4283328949829754E-4
2.5983139292913E-4
2.3311812962119576E-4
1.803441040643677E-4
2.9223118051264047E-5
2.088622249765847E-4
6.202289714378454E-5
1.9110919645727486E-5
1.8865576944749266E-5
2.3953599797152134E-5
6.444097265083813E-6
4.1817978639082835E-4
1.1217431459152392E-4
5.927173539996444E-4
1.8194552350648795E-4
4.185476246442806E-4
7.311488906072408E-5
1.774546659212417E-5
1.7522893728316274E-4
2.580695459518628E-4
7.190539875676318E-4
9.342381985466681E-5
4.498175613773747E-4
5.780775332705879E-4
1.2986818556192167E-4
7.171402992327181E-4
1.1148784854697922E-4
3.875821922815433E-6
3.005618696770151E-4
4.3037621262711436E-5
3.7041448486509554E-5
8.299496928710497E-4
5.536039669427782E-4
3.908438528174438E-4
8.37900305933091E-5
4.0695217501936074E-4
3.8058412832567273E-4
3.767766977662253E-4
2.013290040780833E-4
2.2393946433068364E-5
5.680174954657409E-4
2.0281989875518654E-4
2.894913860463781E-5
6.989930628338308E-4
1.9081100038598184E-4
5.262091330403149E-4
6.869784007063702E-4
4.7725132159801123E-4
3.115719918091792E-4
9.854719570252323E-5
8.342039493480824E-4
3.513310051488426E-5
1.4368380835787489E-4
6.503420906421535E-4
7.635708418242962E-5
6.858507914961119E-4
9.889927191871417E-5
3.2699320073387336E-5
1.413993680707755E-5
1.8106427655839642E-4
5.956569945925674E-4
1.532492697383979E-4
1.6997763768351315E-4
2.609964814669564E-4
1.303071072515588E-4
8.589997757470684E-6
4.010573922012893E-4
7.564255792906431E-4
3.19782056824344E-4
8.78810356899076E-4
2.282471486949677E-4
1.595037112067241E-4
5.606122569863837E-4
4.613228969111834E-5
6.484501543458158E-4
4.012697504265092E-4
8.061472355131893E-5
6.111396487934564E-4
4.418307362913801E-4
8.092373434141667E-6
9.152043999234591E-5
4.6234027559791626E-5
1.1807717060323608E-4
8.426949076881523E-4
3.8968820398648126E-4
4.085937369756157E-4
4.658239085345047E-6
3.318155755240042E-5
2.8698149692843213E-5
2.0271123936794154E-4
7.88731449183552E-4
2.1604648267440794E-4
1.904176655997823E-5
1.9797902375475834E-4
5.9635476673292384E-5
6.07179970471756E-4
5.038075594452933E-5
1.2398863609069267E-5
4.354693456135201E-5
6.764217117163731E-4
8.392997924488879E-4
7.215998033817889E-5
1.1478849762138481E-4
3.469409508872692E-5
7.062852442232257E-4
5.369504085134384E-5
1.5478405646230062E-4
2.52709181827608E-5
8.224225398864601E-4
2.0107874743792624E-4
1.5380622411777635E-4
1.8536803549648806E-4
5.748345043900732E-4
2.568044350873026E-6
1.9688061305550604E-4
1.3992171433387392E-4
2.810284207681414E-5
2.473372823264769E-4
2.5405088878322944E-4
7.549840225330808E-5
1.6757746270569204E-4
6.558723464587929E-4
9.040901450979854E-5
5.222599962110713E-5
6.575111678812772E-4
3.0781195677228435E-4
2.6270772280950308E-5
5.13090815505368E-5
1.82400514022572E-5
1.9065556607287277E-5
8.464841523738614E-5
6.039758082634881E-4
2.5665471998741104E-4
4.1418803769786595E-4
7.735391424272173E-4
2.3034433856208598E-4
6.216152186910409E-4
4.522812807526685E-4
6.547196774251484E-7
7.289789103936534E-5
1.5908642466165706E-4
8.687287437184987E-4
2.605566678176457E-4
2.931260051288161E-5
2.3666004215837755E-5
5.68496978668481E-4
9.176423687372438E-5
1.0892575190271883E-4
5.206899826769801E-4
8.512130415493583E-4
1.7961684816786638E-4
5.551429193944044E-5
1.8397034032632608E-4
8.393008355252417E-5
7.241821249580022E-5
5.612678402859636E-4
1.0727312685124965E-4
5.563857507242672E-4
2.4391178903144245E-4
2.0770467076915467E-4
1.5233417370994729E-5
5.200128733024247E-6
1.6686732776962447E-4
1.5282178829728246E-4
1.6651764138713183E-4
4.905263092216133E-4
5.973303066719284E-4
5.91859808091626E-4
7.187794112502623E-4
4.653625993172144E-4
1.3083046670944894E-4
1.721071290939646E-4
2.0612057707189592E-4
5.40418002725343E-4
8.114227332683604E-4
4.962203076263574E-6
2.5878980524379415E-5
1.737123914159516E-4
8.63404386038447E-4
6.639652709102216E-4
7.881877861083589E-4
5.231410365769011E-5
9.039250447712277E-5
1.1738366328524811E-4
2.345031178402869E-4
1.1809424286981623E-4
6.597853045337947E-4
3.550405451881292E-5
1.3796440240088098E-4
1.5739378276201601E-4
1.2888348680833527E-5
2.713272733242371E-4
2.3662632719260274E-4
4.85200313109723E-5
2.272912932680005E-4
1.7269290178568406E-5
6.424548582148942E-4
1.643182360951222E-5
1.520921841518153E-4
2.4850929336984918E-5
6.267725838678439E-5
7.825221969893463E-5
8.407787756651199E-5
3.441239535842183E-4
2.2552274136433852E-4
2.273834425599548E-4
7.095133477363751E-4
4.534201223688001E-5
1.0208874308450989E-4
8.62194146884886E-4
1.3486864286869224E-4
3.526487508255979E-5
2.4923430173061183E-4
1.4331261849614892E-4
6.369004592515963E-5
4.5906123855422355E-4
1.8972235807531834E-5
6.505757317594552E-6
8.080853047060391E-4
1.0192422440409571E-4
4.35057664029954E-4
4.277119760200253E-5
5.210770718249495E-6
6.873047171130515E-4
1.056394128514121E-4
8.406752728276177E-4
9.237671717475626E-6
1.1388545763820448E-5
7.111882305552733E-4
1.3176751443367735E-4
1.983212183966009E-4
4.963740060372908E-4
3.9806550512950016E-5
1.7032128312249222E-4
1.8052532431035964E-4
5.223535019912021E-5
6.529513376883121E-4
1.1392538520550668E-4
2.6793981580238527E-5
2.189011638706301E-4
2.3144768493133698E-4
4.710059500094901E-5
1.894787908511518E-4
6.699195580898264E-4
1.823818648139472E-4
3.234342411895855E-4
7.268674496504385E-4
7.700163182247446E-5
2.5932841407459847E-4
6.850834868501503E-4
8.650561830908819E-4
3.918650656035167E-5
2.0716377840684355E-5
4.289899623325554E-4
6.290140729530456E-4
2.5865395524862057E-4
1.1030924954121806E-4
2.6928223293131006E-4
4.206456265539986E-5
3.481376027810779E-5
1.3766049244357112E-4
2.4667928416685273E-4
2.075083563479276E-4
5.3465942791280386E-5
6.345587793446175E-4
7.616705447604463E-4
1.7841837417386896E-4
1.2807189775403675E-4
4.107459444212418E-4
1.8255973222911477E-4
5.490699198786951E-7
8.74393140465172E-4
2.4471632639531254E-4
1.8985429082552015E-4
8.10965478098537E-5
8.876932738441048E-5
6.0796804076782904E-5
8.687203345898282E-4
9.08714037907422E-5
7.925061977560402E-4
2.349673261157403E-4
1.3513281366741054E-4
7.054219461462893E-4
2.584406211812846E-4
2.3407034412473756E-4
5.184187167796197E-5
3.621539426106552E-5
1.6985628955840893E-4
2.2935080991493806E-4
4.95871133378775E-4
8.843431604883016E-4
2.5542510436955834E-4
6.085464545738762E-5
7.184629877061613E-4
8.100821134733906E-4
4.6328339458346246E-4
4.8715499394550636E-4
4.3535804256899255E-4
1.950434261807715E-4
2.1223176942543025E-4
4.722206694466502E-4
1.6331681957598877E-4
3.8863946425135636E-4
8.42318508208483E-6
2.209249133800389E-4
8.505988512893162E-4
2.5897666328417537E-4
8.118813217714875E-4
1.8203271976290853E-4
1.015893225032675E-4
1.9998077186361E-5
2.2857161140341385E-4
2.3540314926244555E-4
2.8783606024028496E-4
5.63027504971309E-5
8.668975910039689E-5
3.453306322127765E-4
4.255826826307193E-4
2.3068851789641282E-4
6.03506727542059E-4
1.8402015874446252E-4
3.1349847189784556E-4
7.885042493641943E-4
4.914955497757856E-5
2.3943665993915542E-4
1.8567558324391963E-4
1.7134818086462266E-4
1.3115137791754202E-4
3.1874445122571005E-4
1.021907092714175E-4
7.755763016416232E-5
1.2780271912427745E-4
2.5240324179140553E-4
2.4196450950551986E-5
1.0392620715512435E-5
6.657169695542481E-4
5.277096463488792E-4
1.884544651580795E-4
2.4353925330882503E-4
1.7511660622974886E-4
1.6944653176156624E-5
4.7940155657857147E-5
3.6708943502954755E-5
2.567363821896925E-4
7.481169945501038E-4
1.6685665777315832E-4
6.047664081673614E-4
2.4346261677050306E-4
2.5486593083008256E-4
2.2172815481227834E-4
4.454203841629435E-4
7.585864816949948E-5
6.5592425755999E-5
2.0135591203133418E-4
4.014560749797282E-4
7.145599528320938E-5
7.892503831514169E-5
1.4745369376197937E-4
1.0337988125465916E-4
2.404412165353872E-4
4.482928142277818E-4
9.353414372969688E-5
1.0259185812742049E-4
5.959171121467759E-5
3.1911077345985085E-5
7.187963510970808E-5
2.0452328646826918E-4
9.892208844122385E-5
3.813958906721001E-5
2.184997959705128E-4
3.742326504327812E-5
1.1619913775203801E-4
1.20447053949162E-4
2.81091051387827E-4
4.176902958937359E-5
4.6792096571217205E-5
2.553424269275693E-4
5.6654190277683987E-5
6.500786324234513E-4
6.098309583552659E-4
5.296876681065371E-4
1.1665675866556905E-4
2.441977802670505E-6
8.263507976960222E-4
3.1892091023142066E-4
2.670475632609439E-4
1.2830031177205072E-4
7.072689003619137E-5
1.1630730152581568E-4
4.115151857310807E-5
2.8857585105559216E-4
2.89058244837546E-4
4.600519547504823E-5
1.0176124673943973E-4
5.305223499756337E-4
4.3881599031665285E-4
2.5190941352876253E-4
1.8252659527488775E-4
7.458611122432351E-4
1.1841044980717486E-4
8.199864102787937E-4
4.589636838462388E-4
6.811568387437779E-4
6.527363532684861E-4
2.0212302015513867E-4
8.254445189392434E-4
3.35043623614117E-5
2.4289305162195974E-4
1.1736661860908713E-4
5.426104833811682E-4
2.5490189623433385E-4
5.26615735200758E-4
5.004127097387353E-4
2.1286710950146838E-4
4.7070387023016196E-4
5.960075518313757E-5
6.937659297494754E-4
5.22173060163848E-4
4.770150448894008E-4
6.703068216984599E-4
1.1920518226318867E-4
2.167576603331564E-4
3.827497411714875E-5
1.8923922996354932E-4
2.5241404282805202E-5
1.4778956089615998E-4
6.818842273956364E-4
3.8613212538764126E-4
7.975198753493257E-5
2.0929623090270506E-4
5.810163477471717E-4
1.6370054692226412E-4
7.559695054117615E-4
5.003619103543686E-4
1.1872975717874243E-4
4.800859584053347E-4
1.7057776630280885E-4
1.0631992999151798E-4
1.5207440392206372E-4
1.0102218331606852E-5
1.1783759333980023E-4
1.1548691917228477E-5
4.92502308489052E-4
2.1160123833838853E-4
8.747422233397383E-4
2.2407246884299537E-4
2.463911846727583E-4
4.273782603183284E-4
3.208510377578348E-5
2.305637392328611E-5
2.2160477433263325E-4
1.5595304448308387E-4
5.947476165981438E-5
9.58776626189903E-5
4.862216737471749E-5
1.8076772598877135E-4
4.493068020710042E-5
2.1782982760012136E-4
1.232638295068954E-4
2.051486536675963E-5
1.1146934696601744E-5
1.7532156141899106E-4
1.81098490263422E-4
4.908282978386734E-5
5.400211450252165E-4
4.603617517086726E-4
1.6093205632249912E-4
2.33276570044481E-5
1.1820990471588063E-4
3.975478931271461E-5
2.4165310870017894E-4
1.0032549240342501E-4
2.68945869962694E-5
2.358265615701541E-4
1.3100791070358675E-4
2.3752984826439454E-4
2.594434702461367E-4
1.59159103568409E-4
2.1173916407780087E-5
1.7519188020017373E-4
1.1413173753363893E-4
5.828642355980576E-5
5.25679839404135E-4
1.1831883178235164E-4
2.3695455202954853E-4
8.115171062679006E-4
3.747543554331668E-4
1.9216793085917737E-4
3.5513465819349505E-4
1.9705270370442223E-4
2.1033029515887632E-4
1.9668298185585446E-4
2.954379981405277E-4
1.6358243078204765E-4
4.441871015486464E-4
1.9427269195782253E-4
2.1714675068330543E-4
2.7321833481003384E-5
4.317824533347742E-4
3.976187321658859E-5
8.379366119383056E-4
4.18979868823107E-4
2.2537939327994894E-4
2.4240917855775638E-4
1.2002550465976135E-5
6.667801497079855E-5
2.8826251444063686E-4
1.9579876402714755E-4
4.4825082144551054E-4
4.438047279936348E-5
7.244328016688829E-4
2.1563651814907496E-5
3.678532521719405E-4
3.387398869665315E-4
1.2036457768223919E-5
1.9399702723591836E-4
7.964083903714434E-6
8.621553649969041E-4
3.261937610332336E-5
3.273081479755057E-4
8.006323510399994E-5
2.6947640472251965E-4
1.9118031524159766E-4
1.0663524475330551E-4
1.0581344553628288E-5
7.373428154440066E-5
6.052293606046E-4
3.90395968696114E-5
8.945623744867154E-5
4.558297447143375E-6
6.370869679814516E-4
4.5776097975001406E-4
3.2237273521462163E-4
1.9170245004902667E-4
2.3406861759934694E-4
2.640853047929833E-4
8.310415487144204E-5
2.8661474258069684E-5
5.753933447857054E-4
8.707577818946303E-4
6.8471818017577E-4
4.253291354820034E-4
1.9372571806997529E-4
9.781530557879827E-5
2.0917119055449576E-4
7.202716030176162E-5
7.344293798989166E-5
1.5270776428441177E-4
2.1868818717265832E-4
4.7902578621024383E-4
3.196724212359534E-5
3.3892492820308676E-4
4.5933958160994484E-4
5.442033191271921E-4
5.924696103180779E-4
1.1244039452466425E-4
4.402963108145553E-5
1.6516469140892494E-4
3.3339988609849005E-6
4.063695598283876E-4
8.675194193889996E-4
5.883777622752051E-5
8.67157322325456E-5
1.864416860812183E-4
3.448958261069431E-4
2.896719363759168E-4
5.689332012807105E-4
2.934679921953439E-4
1.4896973109816735E-4
1.6331150954566217E-4
4.376134813762928E-5
2.4957884479575833E-4
2.2229323656182192E-4
1.6244402064699332E-4
1.308679175052846E-4
4.37312591420022E-5
1.1805836094645785E-4
1.1361932520176193E-4
4.5853169855293206E-4
4.1668187659255826E-5
1.789238932128112E-5
8.048930102159988E-4
2.193627256287335E-4
1.3519366977562535E-4
6.3530752551476666E-6
9.699750695884539E-8
2.540986031863928E-4
3.9454906772441457E-4
1.9359431802938148E-4
3.9639345162197965E-4
1.7178624901253777E-5
8.852994305764327E-4
8.53663505540892E-4
3.351675718038317E-6
4.983689756580013E-4
1.7615221214051151E-4
1.1324343761368139E-4
6.773888468400474E-4
2.2582033255907409E-4
8.844376769551358E-5
3.313017564879455E-5
1.6049340951759073E-4
2.218370444791283E-4
2.4348271633873057E-4
5.073067117418652E-4
1.2968742876180543E-4
5.97569284296379E-4
1.3886361563759323E-4
5.903409929847799E-4
6.475525837489794E-4
2.156303972284362E-4
6.3460564712722375E-6
4.1259038300831635E-5
3.858570892521544E-5
6.074200549258406E-4
1.3959641603810221E-5
2.4174381213196538E-4
2.381493281820358E-5
2.4749529613513906E-4
7.313003323937582E-4
7.997411790119334E-4
7.090787134095745E-5
1.7861030250218603E-4
2.6938746193414686E-4
2.1363455601069659E-4
1.8832128785888276E-4
8.375099278034721E-4
6.887960070900102E-4
2.7940115703772057E-5
1.1745218036251789E-4
9.418317179058104E-5
2.1391007372145444E-4
1.9769568224761415E-4
6.797921796338993E-4
1.758564883919467E-5
8.833268570099663E-4
1.5253652931103496E-4
5.229712457241329E-5
5.7510730135002144E-5
8.6842646637228E-4
6.393107566462175E-4
2.474954070737139E-4
4.692446711284825E-4
4.700886215414146E-4
2.3587949197417964E-4
1.3466500809473816E-4
1.2052653421489975E-4
9.623064219302221E-5
4.410890435833221E-5
4.5483571678588174E-4
7.370022191578085E-5
4.6295683305078145E-5
5.147308821416162E-4
2.284516839378855E-5
4.899673889684605E-5
1.377681315690911E-4
8.461495391683874E-4
1.2565078564888233E-5
3.736647792000523E-4
6.859554475509947E-4
8.810626215378113E-4
3.1171088967970574E-5
7.193640867811797E-4
2.2980034505242416E-4
2.99049658810411E-4
3.550437824488888E-4
9.250701442577836E-5
5.67033692280458E-4
1.387769018982989E-4
2.15980586551677E-4
3.977079698211921E-5
3.555362383966656E-5
1.8309197729732344E-4
2.1623981997415491E-4
7.101496684161729E-4
1.1201359446784135E-5
1.1179432849654505E-4
1.3631576749203233E-4
2.5115808068474293E-4
4.858328137036277E-4
4.418604441539584E-5
1.7441532972786462E-4
4.6255056158059024E-4
2.536131045530926E-4
1.802733743931982E-4
1.2364371215604233E-4
1.4279821205056797E-4
3.971498191949157E-5
1.9710048045555644E-4
3.6283272624215295E-5
2.0989827086147239E-4
7.950244515893694E-4
1.2122312401774165E-4
2.5924120363064425E-4
1.2736661683097734E-4
6.211023517699123E-5
4.719892733052959E-4
2.1141937296788064E-4
2.5099309981029355E-5
2.6555840781589227E-4
1.3759772572295747E-4
4.540880213710775E-4
1.2395854082439435E-4
1.4906519675039117E-5
6.063494022923633E-4
1.0723736935398879E-4
7.038728604605231E-5
1.386839348708254E-5
4.4890823824747006E-5
2.9186948031988407E-4
6.148700002507924E-5
9.372837895885617E-5
5.935022184873184E-4
4.643272497583779E-4
5.197807928238965E-5
7.346728594211682E-5
8.752082567276659E-4
8.491081797257787E-5
1.7454195077678286E-4
1.2214014113667339E-4
1.9971712587040408E-4
6.950000876078936E-4
4.2390902916410015E-4
1.3283821192610568E-4
1.9789089485795666E-4
7.121394749782042E-5
3.151889278966063E-4
8.386831509714777E-4
3.1813552665691826E-4
2.9046807442560275E-5
2.4398689725302784E-4
9.682565545640409E-5
1.9847695121502895E-4
8.460827079806473E-5
4.7694711458663844E-4
3.6198244694753685E-5
6.56088478349384E-4
8.803097331403018E-5
8.807144724104535E-4
1.638666946416363E-4
8.023188941114528E-5
1.8300019144636327E-4
8.107212974588007E-4
5.30713808906756E-4
1.507679715179728E-4
4.432137918056084E-5
9.703315496454891E-5
6.100917305656773E-4
6.661809531438161E-5
5.9180482275465405E-5
5.884223154207351E-4
3.069941190514468E-4
9.789992211809555E-5
5.869227031902417E-4
8.38588102166272E-5
7.552823101849964E-4
4.321638687511253E-5
1.5453926540773537E-5
1.678981629580503E-4
3.8858873546204115E-5
1.0669506048470346E-4
4.1575651622989215E-4
2.601799385915974E-4
2.2125916558479754E-5
3.236248887117709E-4
2.1430929173111966E-4
5.708073461705315E-4
5.275656687458845E-4
5.178559470368328E-4
8.872563085365584E-5
1.9891194450125215E-5
1.623890965707504E-4
7.78570612481892E-5
6.754808241442272E-4
2.978173963090534E-4
6.832752865885435E-6
9.094267007911448E-5
5.280020375227631E-7
1.7910563674727612E-4
1.8450962525803327E-4
1.1038830100023171E-4
1.9423942642777343E-4
2.000993328145488E-4
2.821608402868449E-4
1.0618393054478654E-4
2.460658951590787E-4
5.612453540875176E-4
2.294617670977786E-5
6.349032505607864E-5
3.294584516312016E-4
5.066616296191495E-4
4.0192883615253867E-4
5.65382921935471E-4
1.5326741888167333E-5
6.154463911582482E-4
2.2840588205566166E-4
7.866461010840284E-5
7.474474523674275E-5
2.461228546621972E-4
2.1691641551512024E-4
5.120901290098135E-4
2.894124778465688E-5
5.9133365255243736E-6
4.301697874189057E-5
7.090693145026183E-5
2.7017779748532075E-5
1.2342171300011576E-4
4.481475900021105E-4
1.717189985029599E-4
2.392485001180725E-5
3.3845171484524406E-4
1.0464428011299925E-4
1.1926568807815673E-4
7.029584795013175E-4
2.3145806587085245E-4
1.4267489997553303E-4
4.334414419479587E-4
2.959838542750893E-5
3.7574233914735566E-5
9.66328242561195E-6
6.794346127592484E-4
4.4481433989921125E-5
3.090359813703578E-4
1.7854607982760112E-4
5.035150314060497E-5
1.1350922431243392E-4
1.8840439471372856E-4
2.582454670156437E-4
7.507413249008879E-6
3.047611152389098E-4
2.2472372849652092E-4
4.4942550084831154E-4
1.209013651085554E-4
3.61445245745266E-5
1.2362499515154138E-4
3.75963274224177E-4
6.087079166258465E-4
2.5516072800744826E-4
4.402788988319912E-5
4.9357901278158044E-5
1.70346386307035E-4
1.851924822266104E-4
1.1212497957626879E-4
1.7625432880462243E-4
2.453983182359689E-4
5.106069034907422E-4
4.5434876536302077E-4
3.630183509503343E-4
7.815255444482618E-4
1.6321741939338868E-4
7.582494304417976E-5
1.0873816085323304E-4
2.5068269694509924E-4
1.3331649742077817E-4
3.630151684993203E-5
4.775432237772866E-4
1.7045955675317517E-4
1.6202780740351517E-4
2.472591572507176E-4
5.32180313770444E-4
8.470705839466747E-4
4.6121520770663424E-5
1.5949464148699556E-4
6.639888574532314E-5
5.0216919284987476E-5
7.538731410724761E-4
9.1207832858892E-5
2.1647385293372835E-4
8.322389686155018E-4
3.5386243430285364E-4
5.274175813162798E-4
7.541083952211175E-5
6.816363540894263E-4
9.770575258300447E-5
7.184558102162059E-4
1.6940491176593908E-5
3.893720345361243E-4
3.620234630591955E-4
1.5931709528460718E-4
1.2978120410315678E-4
5.940197432674383E-4
6.003349598893191E-6
9.353444087698884E-5
4.265030022502932E-5
9.299561272547622E-5
5.570728713231481E-5
4.179661147799399E-5
1.7795308951214236E-5
5.21780513017488E-5
1.6974185285617636E-4
1.1752322281097766E-4
1.0732768669446782E-4
1.4162458907561261E-5
2.5054193631368887E-4
8.24849751580157E-6
3.4643977678439705E-5
7.638092531037924E-4
8.541756843143941E-4
5.347843212626563E-4
2.089471597431575E-4
2.8262925216856517E-4
6.573047373727305E-4
4.1556450114927366E-5
4.175916851496411E-5
8.157511464343639E-5
6.942146620999878E-4
6.464037571447533E-4
2.192498486776202E-4
1.0388471624511081E-4
6.660251129451469E-5
1.389981703751497E-4
6.862107421532077E-6
3.473236212059088E-4
2.669245831042391E-5
4.477081089086164E-5
3.351446498844867E-5
1.715582851128784E-4
1.7174937439134774E-4
1.75116204386504E-4
1.3632686261723462E-4
2.4427811072427656E-5
3.878993496373738E-5
2.0938878208765228E-4
3.175585473536049E-5
8.401888664351312E-4
3.925981133359388E-5
6.685826137705994E-4
1.3432744135807767E-4
1.3746536009139382E-4
2.3583107724114386E-4
1.2267511376531999E-5
1.613538047630041E-4
2.3798097995924629E-4
6.268591417438667E-4
2.2046134281195556E-4
2.4730363182603424E-4
4.897261311002641E-5
1.424593927063888E-4
1.2008672035059546E-4
1.3893018420162815E-4
1.8006083149510967E-4
2.3883764258737086E-4
5.967896419820868E-5
6.517862965465417E-4
1.652763810217549E-4
7.218028669736404E-4
1.650460553205321E-5
7.56080775756938E-5
1.994256195900434E-4
5.499621346654617E-4
2.447603806176168E-4
5.590005290245351E-6
6.267775457660959E-6
8.780814658245481E-4
1.5684457063851432E-5
2.2007262185485865E-4
1.5612514658332053E-5
5.184805971923896E-5
2.7917570952045527E-5
7.502488050253467E-4
7.565180727533763E-4
4.208093076112279E-5
1.3044975534991373E-4
2.1652618636157155E-5
5.904900851329376E-4
1.6799027301111295E-4
1.2370521845056164E-4
5.666993703145249E-5
6.730289780656132E-4
3.0677484861630115E-4
1.8723116864399373E-5
1.640978614037929E-4
2.7814518734832207E-5
8.604782898267269E-4
1.1297876003402472E-4
8.261785663394805E-4
9.729824220175357E-5
2.1743127420257225E-5
1.0939339579745049E-4
6.95145527923133E-4
1.6639223928006556E-4
1.6079569216274062E-4
2.369268685058645E-5
8.417663313327902E-6
1.597988956646412E-5
4.61974321546098E-4
2.2258891657755741E-4
9.279173828588238E-5
3.269267617884991E-5
2.3571954356565916E-4
5.552714096730926E-5
5.819826346811593E-4
3.2102616916631624E-4
8.014656710029912E-5
7.40927647166766E-6
1.3121421794164059E-4
1.5630180079974617E-4
1.2738809783706753E-4
1.618246957067023E-4
1.190685722078443E-4
1.1738012588606528E-4
1.7916375654260372E-4
1.994807933504131E-5
1.824862418570887E-4
8.531667565321242E-5
2.446834181069093E-4
7.335791058728751E-5
1.9159703681052292E-4
3.234871706639046E-4
1.46806815721222E-4
6.571132119219343E-4
3.996757966978227E-5
2.1625553132943235E-4
1.6144856351416512E-4
8.185424973553692E-5
3.142127175592398E-5
4.6318953178164225E-5
2.1955437975224956E-4
1.5099563522082547E-5
7.765939061069722E-4
1.3516636553978906E-5
3.3083345637238893E-4
2.4482941485691785E-6
3.063682887210536E-5
5.159681133493504E-4
2.8342066450433263E-4
1.5920404769084436E-4
7.568620139852527E-4
6.27769518646372E-4
8.402921112892953E-5
6.321144601336087E-4
4.0699745858459295E-5
5.381596413408553E-7
1.8379396088712596E-4
1.3654979376173177E-4
6.922719910826324E-4
9.33249693572021E-5
1.4916153264124318E-4
2.3919041221588327E-4
5.711253481308632E-4
7.516362265907263E-4
8.366884771357702E-4
8.608244081752292E-4
8.079442749773677E-4
4.9341198798983E-4
4.640966769265417E-4
1.3205262696086922E-4
1.6507675954934747E-4
1.0971802127024398E-4
4.0818115775585094E-4
8.693195716402657E-4
2.5058500391611917E-4
8.342904576613202E-4
7.109814219893282E-4
1.9135751328934288E-4
6.379502167408454E-4
8.629613651185845E-5
3.4104667891163874E-5
1.3776581735871276E-4
5.568413472830904E-4
6.808606452163756E-4
1.3351701442917507E-4
2.1052186652224713E-4
2.492186991392098E-4
1.4579384785855853E-4
3.6529053821953955E-5
5.753487565027952E-4
2.7484953536075324E-5
1.9176241707114135E-4
2.0907897040071864E-5
8.366927667934979E-4
3.4720617392011255E-4
6.234876777016493E-4
2.162816424440818E-5
1.505734724141531E-4
2.0882769882896038E-4
3.751470053129535E-4
6.776766505483131E-4
1.9497236034211968E-4
7.080683514937788E-4
2.0105074894225121E-4
1.9790787761629814E-4
1.6197491094273493E-4
8.003308550833727E-4
1.0690318213683886E-4
3.703121719720408E-5
7.134888493002579E-4
7.026519484825294E-4
4.3632417515794654E-5
1.296553133116746E-4
5.479214874400177E-5
2.3417143989474206E-4
1.6310908383777032E-4
2.0146918255316095E-4
5.201465599289983E-4
4.4129180747682413E-4
8.64016733933526E-4
1.0286815040033114E-4
2.590097464987299E-4
1.922651631410053E-4
6.541552514422078E-4
3.4589838782630766E-4
2.5554773933367567E-5
7.682058326913327E-4
1.8714330408566699E-4
4.4374274857815016E-4
2.205978810718323E-4
6.695678647472191E-4
5.4556445835667386E-5
2.6003193443163106E-4
7.998291920768762E-4
1.7757250319810073E-4
9.091533488468561E-5
1.3851827115479604E-4
6.985347025546798E-4
2.2734485528103605E-4
2.3708423696770084E-4
1.3308082699755441E-4
4.2631358207723173E-4
5.8355181923212734E-5
2.7993796083577565E-4
2.1228250585047443E-4
2.7461286222382943E-5
1.3695929830957085E-5
6.741130543058808E-4
1.0639850022734005E-5
1.3271788291452865E-4
5.677309473173485E-5
8.004344271247941E-5
2.3377006615711172E-4
5.9166090921875515E-6
4.2760491807023394E-5
2.3548272523075373E-4
5.139720023378728E-4
8.13235277069995E-5
5.994101477569419E-4
1.3713633211917658E-4
5.8164371778854766E-5
7.745378588842571E-4
1.5992796068409895E-4
2.4366938366190632E-4
6.180248915834142E-4
4.0338983713316784E-5
1.0930479344902997E-4
7.02380273872812E-5
8.351948981185234E-4
4.699847214350297E-4
1.651439177325282E-4
2.240254253435836E-4
1.1616648316064704E-4
2.2239716874521663E-4
9.296012461620638E-5
3.912460073794793E-5
3.1947920851735855E-4
2.4670629590069063E-4
3.8507031408306256E-4
2.796370848908438E-4
2.0162548345286716E-4
2.0893815985068467E-4
3.2393399384518415E-4
6.57940803205637E-5
1.8792717230525014E-5
2.3132964510373937E-4
2.2017264039441757E-4
4.573969210785272E-5
2.1081699679802006E-4
9.878482721792558E-5
6.97885709535376E-4
5.7282239355811855E-5
4.1189421686209654E-5
2.0268939796184E-4
4.3063179310879495E-4
4.094513229768858E-5
2.4520544328579764E-5
6.644180964231907E-4
3.7084407868174135E-4
1.4278427015858134E-4
3.208650702280225E-5
3.925365158226218E-5
5.462889048716617E-5
8.558957581533626E-5
4.5991702466823464E-4
4.655945244744146E-5
9.019624993449557E-5
3.004931215790063E-4
2.554007327884658E-4
6.988401862784159E-5
9.456763993140097E-5
1.0389862303237763E-5
6.860854978332767E-4
8.576158945251281E-4
3.179505212035099E-4
7.971579018013356E-5
1.2989269665595663E-4
6.345066000972155E-4
6.24050105399203E-5
7.509411576864629E-4
1.6424871456485678E-4
8.425349296895474E-5
4.282532268126203E-5
8.135428028793367E-4
2.708736779101199E-5
9.05321425919873E-5
1.7829471492151387E-4
7.581414641299722E-5
6.817037563394482E-4
7.196059320392429E-5
2.8247143917918224E-4
5.0676916951654465E-5
1.669081509893285E-4
3.0005348854882633E-4
1.7109398687500412E-4
4.4179220505695995E-4
1.5873870086608114E-4
5.1483093774332905E-5
1.6118091448989144E-4
8.737616248322746E-4
9.752694214331184E-5
1.7299808023340708E-4
1.565246496910683E-4
4.5018840087797683E-4
2.0534075775511715E-4
6.174899573433259E-5
8.677677927401647E-4
1.6891381360646567E-4
7.614094806301272E-4
4.4691818004532596E-5
3.2852913893927603E-4
6.554171234961276E-4
5.116163034966112E-4
1.7277472876923154E-4
3.926539917079972E-4
7.069531380290518E-5
3.9068761729621754E-5
1.84873431236294E-4
3.2615468315629135E-4
5.416400737671228E-4
6.609093421126676E-5
2.5369220351664894E-5
2.2142692317643766E-4
6.537968985861262E-4
1.5969561459290484E-4
1.8602881021888556E-4
3.373517146178271E-5
1.493460264022374E-4
1.4234715080735879E-4
3.3309820101285186E-4
1.3213027225979858E-4
9.259910066108095E-5
1.2861071599516224E-5
4.336648554410812E-4
2.965634127539755E-4
5.8756159379329936E-5
1.4872616861048854E-4
2.762928952756507E-4
1.5114652622818468E-4
2.5182455833612684E-4
9.171281775413109E-5
1.4344987773833883E-4
9.057193892467555E-5
1.1400027263020618E-5
1.4176540248070458E-4
2.069915420677212E-4
4.7439113111233925E-4
9.203484815346454E-5
2.1938310763146466E-4
5.903929762012335E-4
6.072771753915154E-4
9.050747661036568E-5
2.23819866937699E-4
8.234833733737322E-4
2.496533371758152E-5
2.2687350660858234E-4
9.656302624449713E-5
1.2216095692665465E-4
7.903122418104255E-4
2.3871768379986108E-4
6.201005247671406E-4
7.570874402016358E-5
1.86848200128883E-4
3.9766048971398923E-4
7.789107842985476E-4
1.085984529849494E-4
7.542939998690857E-4
4.725718354721862E-4
5.578135834067086E-4
4.2814219323858324E-5
2.4324841406654955E-5
2.1799818810263528E-4
1.9879985483876305E-4
4.557895621318966E-5
3.485286102059034E-5
6.00751326254764E-5
2.4089953095548844E-4
3.962692353980121E-5
3.518316920911359E-5
6.408692657001722E-4
9.249367061777877E-5
5.244703423489153E-5
2.4858199387762814E-4
3.008293890195597E-5
3.664296963079865E-5
8.611963715931387E-4
1.8643956033989858E-4
2.4901872941888585E-4
8.11063247952315E-5
9.882045100227663E-5
2.1974247049389353E-4
6.000328589112949E-4
2.0718458781166185E-4
4.6734257552213867E-4
7.840411586899766E-4
2.1977106693914965E-4
1.4219362139092172E-4
4.882582155833056E-4
2.850673152656679E-4
3.0158170053414806E-5
5.070519112945973E-5
4.801215333221224E-4
1.5088412899518092E-5
7.75659103540967E-4
4.5538628547456955E-4
1.9489634693260652E-4
1.509579379842144E-4
2.596512339599879E-4
7.752850829916237E-4
1.1636247185417124E-4
5.3702945608547535E-5
2.57715415831322E-4
1.783653565541951E-4
2.0216742740771014E-4
8.074250204376645E-4
1.2825727990122573E-4
2.5591194354464747E-4
4.933544309420795E-4
8.157427096314316E-5
8.627651660291715E-5
1.281811338633302E-4
2.9561979541186885E-5
3.101227925501361E-4
2.579238075468612E-5
2.351410944112597E-4
3.04082800867232E-4
5.682827784421375E-5
6.944304821583122E-4
8.593921731675135E-4
1.895164439463383E-4
3.95495128868881E-6
6.967812698032176E-5
2.3642012088331504E-4
2.0679427377908976E-4
6.923293453432622E-5
1.471980387488526E-4
8.489410643876342E-4
7.990296097046337E-5
2.4096941986289204E-4
5.21624234474141E-4
3.511932310408236E-5
4.503933355885463E-5
5.391706186086339E-5
1.8034618759859956E-4
1.5212076343297962E-4
5.945589578345628E-4
8.703537440840847E-5
4.153889239605027E-5
4.2243659629195146E-5
1.5182416461030935E-5
5.67560752712567E-4
9.701633713906968E-6
9.966381020810994E-5
1.3293405462152434E-4
3.215625837388017E-5
9.792520611617322E-6
9.977002530866499E-6
7.698974363414275E-5
2.1042653367026292E-4
1.6455471966243858E-4
5.595635418859081E-4
1.312815392693049E-4
7.200040323350009E-4
2.220634771997036E-4
9.323320278637703E-5
2.1442606878253878E-4
4.421007502352604E-5
1.0554587418415098E-4
2.504657343387363E-5
4.914841912294774E-6
8.92923166688623E-6
4.989166257170224E-4
2.267098330539136E-4
1.1458306918497596E-4
1.6907302067063255E-4
1.5355187536954574E-4
9.28624454577128E-5
2.1980137580544877E-5
3.362044321786741E-5
4.472334706771241E-4
2.478323084925606E-4
5.0203584994741586E-5
1.689143881613426E-4
2.2068865889444697E-6
1.5650454799004995E-4
5.136027688233615E-4
6.662150331098838E-4
1.0288691495473975E-5
5.437796319556961E-4
5.767702538472913E-4
2.062586313639154E-4
2.0334103531840576E-4
3.370972706776235E-4
1.2582299986993873E-4
2.188103883394625E-4
7.206837674573189E-4
2.5201158145510944E-4
1.822308083389947E-5
5.2532992631901356E-5
8.896676711710908E-5
9.329922887893017E-5
6.342946570646426E-5
1.931581685505119E-4
7.493733566164756E-4
1.441272583255889E-4
2.3809540476322E-4
1.957363910632073E-5
1.5971213506338836E-5
3.3401624685876175E-4
3.010105376788475E-4
8.73782006948563E-4
4.084132862569393E-4
8.432073119749762E-4
1.1010115094022173E-4
7.280650247971928E-4
1.3164847635639159E-4
2.0844320883096505E-4
7.213696904347609E-4
4.3397246189710516E-5
1.1221270645564686E-4
6.151355823677016E-4
2.2496332473593233E-4
1.3140463573756264E-4
2.3163903735805417E-5
7.493217487385305E-4
2.930708470990481E-5
5.1556574408726475E-6
2.1716020866072996E-4
2.5877505309926813E-4
2.9482602111472175E-5
1.3138136017782823E-4
6.341665402087458E-4
2.315043013514699E-5
5.226715769691728E-4
1.0417561644976877E-5
2.1460904500631092E-7
7.735245707559588E-5
1.2282184159182486E-4
2.0040484823317126E-4
3.4043330301919845E-4
1.8395514022223188E-4
4.289411773803602E-4
2.531628969906744E-4
2.553402461567484E-4
1.4004462480432812E-4
8.592816738552748E-4
1.8617171697382753E-4
2.129045961332932E-4
9.7607616048744E-6
3.575194794008883E-4
5.859518781898946E-5
6.333005647144031E-5
5.034198567354783E-4
6.62852207786797E-4
7.046046191378379E-5
7.030444848758452E-4
1.9421899243537827E-5
5.736275384277233E-4
6.658087021976308E-4
4.3700469250685005E-4
1.023707330237827E-4
1.5992301967941824E-5
1.4429686363133602E-4
3.2664423717958946E-4
2.463950986341113E-4
1.3558096755534092E-5
1.510832549311248E-4
2.081269607388785E-5
2.498057892036167E-4
7.681032358934455E-5
5.087878277440087E-4
9.216679582054497E-5
2.2944446381672787E-4
5.1880646115999324E-5
6.396830954524377E-4
1.7830637923631367E-4
9.591665329902029E-5
8.238407532127526E-4
1.4558857492446374E-4
5.316537305558596E-4
4.441677038311475E-4
1.699200981408552E-4
1.450591509733383E-4
8.914285446282286E-6
4.2703356498105695E-5
1.0263843238515913E-4
4.622429062777485E-4
9.359077347895208E-7
1.2709678321010025E-4
1.849875171536581E-5
6.963230088619476E-4
8.061169108651231E-5
1.8776704825759356E-5
1.1567121995997631E-4
1.7552662724895898E-4
5.748936300335537E-4
9.818463109628827E-5
5.684264588466628E-4
6.492365538465659E-4
1.1117154196666115E-4
8.707916627280068E-4
1.864137042844725E-4
2.3844618731681043E-4
7.603046254036903E-4
4.530125267935923E-5
2.402062541377565E-5
7.024214594746489E-4
3.7446628041545805E-5
7.228299252903615E-4
2.220244577613678E-4
3.525620193308702E-5
6.078489358039811E-4
2.082692524009929E-4
7.265688459455878E-4
9.574156960591882E-6
7.559992020721546E-4
1.5670872270078812E-6
7.614550334343703E-4
3.0830405114068615E-5
5.29803538435577E-4
4.7268373998011034E-4
1.6304756204133655E-4
2.9536118659525656E-4
5.793359338246095E-4
3.227472274126222E-5
1.1777383633870525E-4
6.0807749244628365E-5
9.179596413187278E-5
4.407502547345893E-4
8.215351977543559E-4
2.7674607773290882E-5
2.0503846922673125E-4
6.697860792824654E-5
1.6650699262612232E-4
2.777426746569238E-6
6.621406853046249E-5
8.493195403338738E-5
1.1656905283401906E-4
2.0532345076783667E-4
1.0106730525977284E-5
2.3127904026574568E-5
1.0934825337346918E-4
4.4801220736530596E-5
2.6343203187648514E-4
1.7449897102452154E-5
2.318680910611692E-4
1.3805583728158352E-4
3.2908307741320294E-4
7.742764016511832E-4
1.1266098292873673E-4
2.1818248746707583E-4
3.1253005350679196E-5
7.855954283696087E-4
9.007096573959659E-5
5.268164482663988E-4
1.282125332815933E-5
7.862125930640934E-4
1.1781116245697677E-5
3.9312354207817824E-4
1.387722885045696E-4
3.262467542823328E-6
4.282973712021187E-5
1.971005712224741E-4
3.7425311873522446E-4
1.9032536098915852E-4
4.1451857335655316E-4
3.848428243582643E-5
1.9195319537651508E-5
5.180063328037441E-6
5.106567282057549E-4
4.259013312710967E-4
2.1251498090156304E-4
2.6504777707538556E-4
7.827610335195799E-4
3.4153699584225244E-4
2.1487795867002746E-4
9.886121214593067E-5
7.90610269741523E-4
1.6902757746119343E-4
2.136610273490064E-4
8.792551735941295E-4
1.7041093858241615E-4
7.725702092764717E-4
2.19675017431994E-4
2.991996773269742E-4
1.192687458497133E-4
8.26717766186727E-5
1.6373301699469718E-4
7.159410076660357E-4
2.262135006312951E-6
8.295990935991746E-4
6.178902033902742E-5
9.295048253404114E-5
2.902881097386381E-4
8.384366193135253E-5
5.380194897492597E-4
2.169378098388696E-4
8.336354509385349E-4
2.3017016078809679E-4
2.4551631134350137E-4
1.6099074961693592E-4
5.727944460625861E-5
1.233223681695607E-4
8.781236456009773E-4
1.59210621703131E-4
3.3013321566945506E-5
7.614391077584325E-4
4.1877583780454593E-4
4.3412032435736575E-4
6.41047833771725E-4
1.950416166313272E-4
1.2329795249991496E-4
5.616398064204989E-4
5.843470478626897E-5
8.428224142040628E-4
7.402259382311254E-5
8.440232551283472E-4
6.432527635686498E-5
9.363633555676787E-5
4.893810795399214E-4
3.0041902878706965E-5
2.02318285853559E-5
5.151480644487126E-4
3.371064943352734E-4
2.0502906247519704E-4
1.1562435758875994E-4
6.919719343938693E-5
3.959765313152662E-5
9.046338856716124E-5
1.0629638255180932E-4
1.2636726648591868E-4
7.073360392702561E-4
2.283618578159633E-4
4.8539883535905304E-5
1.005229587102216E-6
2.316421100882221E-4
9.147056210469988E-5
7.161685618801602E-4
1.8837887712715908E-4
4.931447686443666E-4
1.4992669139940538E-4
9.990458939474905E-6
4.642653717847089E-5
6.075127543393047E-5
2.567916474287371E-4
4.181948647418933E-5
2.2046459709282096E-4
3.629556853943823E-5
3.0450952611152502E-5
2.218873467582352E-4
9.050267131539686E-5
3.319290058136972E-5
6.885889927103365E-5
1.2382845330537366E-4
5.750375459788222E-4
3.55427264607199E-5
2.1997975321585474E-5
4.506285398500861E-4
4.628521945665566E-7
2.910100419024194E-4
4.4720290072509705E-5
1.2905100104788582E-5
2.2813118651515953E-4
2.1561298701434055E-4
7.244002145655637E-4
1.2911952416370872E-4
3.686871584477002E-4
1.7066903545293905E-5
1.688565110535514E-4
3.362499763095026E-4
4.1319033221520304E-5
8.635005674915971E-4
2.1560280256353287E-4
1.1171282739016413E-4
5.677993579111514E-5
1.2818028421855148E-4
1.81523985987739E-4
3.6388737390928946E-4
1.2597688120012356E-4
1.2148324496872955E-4
1.6884087162613115E-4
1.741267846863152E-4
7.230050290351378E-4
1.224069073990419E-4
3.913319649049288E-5
6.735027122047302E-4
1.4752689635993675E-4
4.4821652848344557E-4
7.39227287979736E-4
1.8220885306552317E-4
4.016147346625287E-4
7.925889131322779E-5
3.383274504532383E-5
6.68843586383102E-4
7.646777816204936E-5
1.2982085925611941E-5
2.2067907288504573E-4
5.2400693744910266E-5
4.47597532718966E-5
5.796791137341067E-4
8.267345250188681E-4
2.0016516951415047E-4
1.4586824821308624E-4
3.4282723655599433E-4
5.878372673475315E-4
3.6907682179055474E-4
4.618255831634785E-5
3.1363804394614765E-4
2.9151453313285095E-4
2.3244477525587105E-4
6.466529708880972E-5
1.0218688258883015E-5
4.896312762737713E-5
5.762525962690022E-5
3.8322099308460005E-5
2.1665086210942593E-4
4.74966843994039E-4
5.286263230447888E-4
6.576108825013665E-4
2.1532419169595755E-5
2.0576677489052018E-4
3.0023792572462003E-5
5.586020737869738E-4
1.2795175830472433E-4
5.821344297077841E-4
7.782833914226543E-4
5.676454764667651E-4
1.2817071824095543E-5
2.9823789835233162E-5
2.660097617562932E-4
1.2891263579216076E-5
5.051229334751477E-4
7.717064936374602E-5
2.907440159985593E-4
7.661558002042621E-4
7.484832470696438E-4
1.3721158301777807E-5
3.5183552645353754E-5
1.843231003726278E-5
4.4725200437313803E-5
9.343083278443762E-5
3.1406673255064617E-4
2.532233797202903E-4
6.521048926503137E-4
6.823097383345916E-4
1.1267919037136836E-4
3.548842147505559E-5
9.717409455091536E-5
1.7089522792306937E-4
4.699480624710753E-4
4.0915992812582297E-4
3.250722853887466E-4
1.7766846800157117E-4
6.95461405847835E-4
1.963633939476452E-4
1.9611735462506992E-4
2.530770720011252E-4
1.4345091885848633E-4
4.5867986591605195E-4
2.1908885847299854E-4
5.171855587682102E-6
1.1725412933918911E-4
2.4947266734710345E-4
3.667401375533497E-4
3.552181689671852E-5
1.384746489394491E-4
1.6103215189126316E-4
1.9916382550069412E-4
1.0189733289170895E-4
5.0598070067547595E-5
1.8506122327060545E-5
2.5295862631402393E-4
6.925205682441196E-5
7.129833082207447E-6
2.54815909441796E-4
5.733037859714116E-4
2.1070947522362616E-4
2.1627699555550495E-4
3.586595138869574E-4
7.95820261346124E-5
1.6138997744673058E-4
1.1727109290380402E-4
2.1519634933995032E-4
1.9286575523958974E-4
2.2370410934882608E-4
2.506979322476974E-4
8.554572384562356E-5
5.561971019456023E-4
8.831050409122732E-4
2.486594438400372E-4
8.85077316491409E-5
6.650367359600898E-6
2.545898631456202E-4
1.3703882952699326E-4
2.0520653361029434E-4
1.673540989191046E-4
8.616710465668205E-5
1.8527755743025798E-4
1.413232927090702E-4
6.001591748540684E-5
8.077749923273737E-5
1.5620244509530272E-4
2.12438763544691E-4
9.56962448523511E-5
7.070783104120742E-5
3.835683981352635E-5
2.569567921957501E-6
4.381590317547204E-4
4.351831846074233E-4
4.5779591988610993E-4
2.4248895435332853E-4
5.092405237464225E-4
4.292058490023408E-5
2.1024519686940332E-5
2.7866577860710333E-5
5.001581376479211E-4
4.602347487128445E-5
5.256423459796178E-4
4.559195040256541E-5
2.495873776993531E-4
1.951640709348853E-5
4.904704803991564E-4
1.6955196732795405E-5
1.2633937408723135E-4
4.3757569301089465E-4
2.7760309304044657E-4
4.0790259647918064E-4
6.547115501679026E-4
1.9796922109820893E-4
5.447763146640743E-4
4.3359115696886685E-5
2.205670418542282E-4
1.1221662568749744E-4
4.532781823999487E-5
1.3744720079384668E-4
2.7028984267992478E-5
1.372192099621814E-4
1.0091288589636579E-4
8.02073502444289E-6
2.758452295751652E-5
1.8737861689812339E-4
1.5181311914959342E-4
2.214978210808209E-4
3.0907708617749366E-5
2.366095325236745E-4
3.936406701665434E-4
2.0505611839246108E-5
2.302937957981133E-4
6.419835056665128E-4
2.61844031602192E-4
7.566843930545881E-4
1.6532602435697443E-4
7.416746210591986E-5
1.672861573834663E-7
8.190786710626846E-4
1.7128849424204054E-4
7.937898335358306E-4
3.03227965164103E-5
7.440252577049117E-5
7.899519024095834E-6
5.479922704146502E-4
8.572165129941791E-4
2.562946289640207E-4
3.498286984789316E-4
7.001008258609586E-4
1.0139618707991297E-4
6.912360065869837E-4
6.2456107192163E-4
2.543652423847195E-4
1.663743422526765E-5
1.1099963282740076E-4
2.235013457101387E-5
7.828663907711469E-4
5.198891301103558E-5
7.939341671427179E-4
9.785281976376801E-5
1.1374274750612405E-4
1.95075624735169E-4
5.714214320687132E-4
6.239816913696821E-4
8.617591984309642E-4
1.8475376846462002E-4
6.849767325818048E-4
2.0925452568238163E-4
5.647542236844605E-4
3.800975785908126E-5
2.3794087952345403E-6
1.2022416916649515E-4
8.62686457974709E-4
3.459027714598486E-5
2.21317517075956E-5
5.431768406377734E-4
2.2308376176074772E-4
7.527173467032683E-4
2.242473407281351E-4
1.0572664133528295E-4
1.4166804802799782E-4
1.0529956486982211E-4
5.456404794704575E-4
4.7532476314306296E-4
5.05686687094804E-6
2.531709908264616E-4
2.1433367240088403E-4
2.009079288104417E-5
3.839881310769862E-5
1.7081983298071433E-5
3.341941493226257E-5
2.3662084329080486E-4
8.603926030385724E-4
4.464568206810555E-5
6.668848996799578E-6
2.8245395604434053E-5
1.8475224757826095E-4
7.45722419869878E-5
1.7648980292722278E-4
5.811052125721606E-4
7.949124326641977E-4
2.0145650713683696E-5
6.194158710814607E-5
2.4591477437242606E-4
2.0622308976378645E-5
1.7263282851872518E-6
1.1367340883707859E-4
4.291819201539419E-5
8.22590876345999E-4
1.8896399052880977E-4
2.34555978631857E-5
6.511027164424763E-4
7.087466118682661E-4
7.10667273157631E-4
1.9760128102673286E-4
3.824631720162468E-4
4.5843661201126794E-4
8.399072724573581E-4
8.444947270766583E-4
8.59942584479444E-5
6.316286089739607E-4
4.931603348402308E-4
8.328739104924831E-5
1.4832877726477878E-4
3.2324874784736427E-4
1.7900948823050813E-4
2.1010214719241525E-4
2.209510613946385E-4
1.284487849127301E-4
1.276973681791303E-4
8.787416219308174E-6
1.2612707338728555E-4
5.417039325523318E-4
9.026559047526842E-5
3.5621273520874735E-5
1.0718162439523894E-4
7.347914295886022E-4
5.335181017524486E-4
1.7591138787613025E-4
7.51338460564683E-4
1.606877965972484E-4
1.8575328891461633E-4
9.294733764942788E-6
3.031893506036397E-4
5.855956626175015E-4
6.36545265302009E-4
1.2341518994791871E-5
2.2876240014019163E-4
5.300417495851742E-4
4.826960619347283E-5
1.0117149080344857E-5
1.347596660122495E-4
7.637438598357633E-4
2.3632914888759707E-4
1.7766964300232586E-5
5.06311217004109E-4
4.543509839160693E-4
1.022192558748124E-4
3.8946140025115586E-4
3.831126317467887E-5
1.8013207781518981E-4
3.315825185770107E-5
4.58365210559616E-4
1.2055754688277753E-4
4.614648200612203E-5
7.730981736008741E-5
5.510957280909859E-4
6.72806687765166E-4
6.506270420606259E-4
1.5093661796278907E-4
8.345269796632834E-4
4.402984288074702E-5
1.3555844469221798E-4
4.1457000401320503E-4
3.709149051661415E-5
6.573796850649741E-4
9.096278791084383E-5
1.1280169193804247E-4
8.456009554791673E-4
2.303176292842284E-4
7.434900802422657E-4
1.6014122712629882E-4
7.531843466550914E-4
2.537878057108459E-4
1.0907200897046852E-5
3.5755019148455607E-4
2.2243744156040285E-4
1.4282509363855942E-5
8.358272967317523E-4
8.529362325823221E-5
4.74137672003096E-5
4.930269369715167E-5
2.3120986449858298E-4
1.6001059536949175E-4
2.2590071861364585E-4
9.881836627740274E-5
3.4046567982239263E-6
2.8306070569774434E-4
2.499524485049522E-4
2.464963309234499E-4
3.794516615950822E-4
5.902515505591364E-4
2.9615266566132407E-4
4.689917177821024E-4
8.158786912420822E-4
9.268429913449679E-5
2.0908728832294457E-4
7.700515490241163E-4
1.8582408857773406E-4
2.192183300665046E-4
7.233926148689325E-4
3.98734762808769E-4
4.6529195194637303E-5
6.315968769031296E-5
6.817289461062675E-4
7.741600031780627E-4
2.897956273786623E-4
1.500472111430266E-4
2.2148684068587083E-5
6.861306744661652E-6
3.37537259083125E-5
9.400196268096604E-5
8.654450138190045E-4
5.365425589459033E-4
2.1481422501989798E-5
1.7772319182139955E-4
7.91927746051554E-4
3.598425433749681E-5
1.2947892697557799E-4
1.3984666430600078E-4
1.896908306892433E-4
4.885997973170412E-5
3.63408294770037E-5
9.521986825034204E-6
4.210936029369616E-4
6.141065751232033E-5
8.801266232478502E-4
1.284980871962671E-4
8.473247927515727E-4
1.848696393410972E-4
2.0345745740869302E-4
2.1000641902779862E-4
2.6331069730612587E-4
2.486867136442287E-4
2.339902043202264E-4
2.443479765621554E-4
6.755540822715689E-4
4.585064215272223E-4
2.3559691246358852E-4
1.275667206645306E-4
6.042962567579154E-4
1.712579454614186E-4
1.1964539488826533E-4
4.7186391194091665E-4
2.8332415832478872E-5
3.741599409652812E-5
2.367573638497134E-4
6.779478503673578E-5
8.699826642327679E-5
9.864539816578931E-5
1.5664834270749065E-4
1.753163814326703E-4
2.522315922314329E-4
5.4768185507922196E-5
2.1901951462933913E-4
3.7314664307330935E-5
4.44070700544549E-6
1.3187163024282002E-4
5.7458512793579E-4
2.2124669225743595E-4
7.793200023065841E-4
3.8866392052265303E-4
3.874585549001907E-4
5.2634205641876504E-5
1.5346720023581725E-4
6.441109133506094E-4
5.211651035569826E-5
5.014516878394707E-4
3.698478623976027E-5
1.8822503704147027E-5
2.020375856604747E-5
2.467738613865974E-4
7.97262660230614E-5
8.634284470636115E-4
2.268222859641853E-5
6.460436454532441E-4
2.0656917835730873E-5
1.1083233339265951E-4
3.7000404253028973E-4
7.962311495698886E-4
6.839385189978912E-5
3.093151914639963E-4
4.8602679832712557E-4
5.009746917798821E-6
2.58255754122198E-4
3.521120445804091E-5
1.6681415878950956E-4
1.4749470606349052E-4
8.234482948867052E-5
2.2311654691579622E-4
2.1996338385969744E-4
2.3867836365069165E-4
2.204458014586492E-4
8.396431845218282E-4
2.1455753186132518E-4
2.4585343119679006E-4
8.862584734472924E-5
4.124411210855138E-6
3.029250091872279E-5
7.415389193798981E-5
2.192061978408734E-6
7.424859159475468E-4
4.938218018620545E-4
2.3773072332567774E-4
3.9948602374317995E-4
8.437115177558537E-4
3.728046372746017E-5
5.163754307628283E-4
1.0445394054777698E-4
6.993446801841615E-4
2.3004045934214476E-4
1.2525305113130148E-4
2.520212083893691E-4
1.8743452870587232E-5
7.025351736932508E-4
7.806048674082552E-5
1.887387857455828E-6
2.99674041030964E-4
2.554358883193198E-4
6.810836126739198E-4
4.634101653919476E-4
2.3547718604716317E-5
7.502246696628643E-4
2.055986850272913E-5
3.001772627176172E-4
3.609237245214413E-4
2.836082508331675E-4
3.103628977894443E-4
2.944470106942585E-4
2.3014988655829127E-4
1.3446815280225316E-4
2.0778150102634805E-4
1.694512133198573E-5
1.5285043822286457E-4
2.460892133413462E-4
1.047109194358905E-4
6.12722017194324E-4
2.0283101105332158E-4
7.905302900785443E-4
2.5221597105554235E-5
